54612490.0 1854119676.0
1266474.0 52841468.0
712554.0 52369788.0
28346698.0 1762220860.0
1225898.0 58484204.0
2368010.0 111033292.0
5909706.0 60993500.0
1068978.0 32019220.0
12386698.0 803228220.0
55491402.0 1553250492.0
2716010.0 201922844.0
21069386.0 501789052.0
12522762.0 1241661180.0
13366986.0 1265854204.0
259450.0 8274644.0
4228906.0 341135836.0
37190.0 807004.0
11786186.0 267349884.0
1413786.0 33241804.0
1156458.0 117133468.0
355042.0 2991260.0
844162.0 40071348.0
1221834.0 10538092.0
232674.0 28519756.0
58826.0 1985404.0
9306474.0 262392796.0
37170.0 1074136.0
3447610.0 70409500.0
1068730.0 43094396.0
89810.0 7377244.0
363098.0 8482132.0
110146.0 6753764.0
189614.0 8387648.0
5623690.0 205367388.0
265682.0 7064276.0
348938.0 16052660.0
2874410.0 123426108.0
2747546.0 35511420.0
58558.0 3764620.0
213602.0 8183372.0
80374.0 7437520.0
180698.0 22953636.0
15749194.0 703500668.0
145714.0 6825796.0
183302.0 10868032.0
1746794.0 96062060.0
280174.0 9436336.0
46918.0 3741476.0
263606.0 6531340.0
56130.0 2194216.0
505698.0 33622044.0
11003530.0 214058044.0
946794.0 73425900.0
47353226.0 1311315068.0
194722.0 6744556.0
1249226.0 81570748.0
3783882.0 122387164.0
24770954.0 241588604.0
28425674.0 248897212.0
67198.0 3836468.0
145586.0 22883628.0
15448330.0 227713788.0
882058.0 36669220.0
231786.0 2768612.0
1306506.0 22514252.0
130870.0 8018336.0
1099882.0 35720412.0
37568906.0 3102087612.0
166074.0 5955696.0
2357562.0 34730780.0
60527370.0 3148000444.0
3991658.0 341229212.0
3338154.0 138766172.0
7413290.0 298923324.0
7110442.0 131454844.0
3617066.0 370660220.0
263686.0 9324056.0
8002954.0 476328060.0
974666.0 32093756.0
3031130.0 133622876.0
1215258.0 155866188.0
3290858.0 101441916.0
50224138.0 1338631612.0
6142186.0 371609660.0
7501898.0 237348508.0
66222730.0 2862948092.0
120798.0 4628924.0
6693674.0 421317980.0
2097130.0 121430972.0
155738.0 2549028.0
85382.0 3942992.0
1969610.0 66064476.0
571434.0 87521068.0
10100234.0 485104316.0
64722.0 3777016.0
54822.0 2855452.0
3201274.0 69917916.0
955818.0 132665180.0
54834.0 1136872.0
853482.0 12270580.0
555738.0 25899644.0
3721034.0 161242556.0
54060042.0 2114502396.0
114830.0 3859772.0
26602506.0 1296589692.0
687378.0 14095028.0
4862058.0 126958268.0
3364314.0 156823532.0
370914.0 25531076.0
10103562.0 182050140.0
11678666.0 484093244.0
194458.0 6342760.0
65358.0 4373284.0
14437898.0 1854551740.0
478554.0 11120300.0
52218.0 1972428.0
54963338.0 2508070780.0
1174266.0 99328028.0
5482122.0 41104220.0
91782.0 2938480.0
5464522.0 61234140.0
55299850.0 1242921468.0
24796938.0 828044860.0
53282826.0 2776253244.0
62509450.0 2469865340.0
439618.0 28783692.0
2184106.0 96653644.0
1198170.0 26806028.0
1045546.0 10232748.0
11273674.0 1348781244.0
63072714.0 2178199164.0
242414.0 13205880.0
44342.0 2097068.0
56662.0 846020.0
7055466.0 530456668.0
133930.0 1685400.0
5718410.0 1458843452.0
207442.0 10901996.0
9462986.0 385133820.0
212462.0 5086188.0
9677610.0 279325372.0
14799818.0 146394428.0
37737610.0 2127531324.0
4273194.0 100131532.0
277530.0 15909924.0
9032202.0 381488604.0
12847178.0 143030588.0
2199690.0 412960444.0
9753706.0 326505788.0
11311146.0 214674076.0
57401866.0 1326676924.0
3377674.0 156484028.0
92446.0 6024460.0
222418.0 7254652.0
1231530.0 65978732.0
188126.0 9646940.0
887026.0 17731764.0
454066.0 25400004.0
8597930.0 401079356.0
3765610.0 177247676.0
1729306.0 121134572.0
14504394.0 247279516.0
130906.0 4491788.0
38830.0 3635888.0
30154.0 1087672.0
238334.0 7811540.0
321818.0 24901500.0
4453898.0 769472188.0
52427978.0 973921084.0
5471914.0 383069852.0
6887786.0 128594108.0
4138922.0 162081468.0
6731210.0 318837180.0
406698.0 38884484.0
44877962.0 1058043836.0
26765514.0 922593852.0
74334.0 6682464.0
50926474.0 1847949308.0
129306.0 5949048.0
599130.0 31509836.0
116958.0 6187716.0
1532474.0 16192476.0
546210.0 20992436.0
5450090.0 527878300.0
11353290.0 266485308.0
685178.0 31250524.0
1225754.0 52385404.0
88898.0 4269128.0
10671658.0 460878396.0
4998634.0 204117116.0
152578.0 2313368.0
77977034.0 1589947196.0
679914.0 25616860.0
103046.0 2961208.0
251666.0 4112508.0
1274794.0 53495612.0
720826.0 14671516.0
136226.0 7607264.0
3882730.0 199819996.0
47625354.0 1333437372.0
228218.0 10527532.0
1339690.0 152407644.0
5455402.0 172754300.0
2890714.0 98066076.0
341818.0 16038676.0
2141178.0 24063228.0
241954.0 5847340.0
2839770.0 133239964.0
21508618.0 1010435260.0
24553226.0 1039493372.0
5422346.0 324960732.0
5368266.0 450271708.0
442570.0 25377260.0
4637818.0 206097548.0
384218.0 24695828.0
198810.0 6883928.0
82950.0 4827116.0
65970.0 3551308.0
95962.0 5555468.0
82210.0 7775300.0
