515066.0 24815860
690786.0 18691692
463034.0 23870084
20044042.0 694628796
4413738.0 39413948
17601610.0 400800636
15802442.0 148399164
86006.0 1145956
1445034.0 61079660
1352106.0 95982620
28346698.0 1762220860
589594.0 6426708
712554.0 52369788
1266474.0 52841468
1225898.0 58484204
2368010.0 111033292
5909706.0 60993500
1068978.0 32019220
2716010.0 201922844
555842.0 19341692
21069386.0 501789052
355042.0 2991260
58826.0 1985404
37170.0 1074136
37190.0 807004
232674.0 28519756
1221834.0 10538092
259450.0 8274644
110146.0 6753764
363098.0 8482132
89810.0 7377244
265682.0 7064276
58558.0 3764620
2874410.0 123426108
213602.0 8183372
1068730.0 43094396
9306474.0 262392796
1413786.0 33241804
145714.0 6825796
844162.0 40071348
263606.0 6531340
80374.0 7437520
4228906.0 341135836
67198.0 3836468
64258.0 3955404
56130.0 2194216
145586.0 22883628
231786.0 2768612
1098794.0 52131724
280174.0 9436336
26792522.0 3149736188
505698.0 33622044
348938.0 16052660
37180490.0 717765308
130870.0 8018336
60597450.0 2851698108
2357562.0 34730780
3685194.0 124603868
7413290.0 298923324
44951562.0 1306513532
638282.0 26213844
28425674.0 248897212
47700234.0 1333582780
194722.0 6744556
166074.0 5955696
1156458.0 117133468
46918.0 3741476
7501898.0 237348508
974666.0 32093756
21077258.0 1258768252
155738.0 2549028
3211818.0 342256124
2097130.0 121430972
1306506.0 22514252
2795882.0 377718300
3734554.0 139910284
66332938.0 1946253244
2747546.0 35511420
64722.0 3777016
2385242.0 121573196
1969610.0 66064476
263686.0 9324056
76254.0 3760888
6142186.0 371609660
183302.0 10868032
649306.0 35268940
955818.0 132665180
1249226.0 81570748
3447610.0 70409500
54822.0 2855452
5171434.0 207564060
3783882.0 122387164
4862058.0 126958268
7550122.0 132606204
54834.0 1136872
496970.0 40446268
3031130.0 133622876
687378.0 14095028
1215258.0 155866188
1646330.0 83457052
85382.0 3942992
38281290.0 1891223804
5623690.0 205367388
114830.0 3859772
195122.0 13684844
15749194.0 703500668
4342186.0 85875964
225870.0 7001092
1174266.0 99328028
882058.0 36669220
2680442.0 122703596
853482.0 12270580
65358.0 4373284
72359434.0 3240872252
3201274.0 69917916
3290858.0 101441916
60527370.0 3148000444
52218.0 1972428
91782.0 2938480
10103562.0 182050140
555738.0 25899644
180698.0 22953636
11786186.0 267349884
571434.0 87521068
71002698.0 2872506940
26602506.0 1296589692
189614.0 8387648
5464522.0 61234140
3991658.0 341229212
24770954.0 241588604
3364314.0 156823532
11003530.0 214058044
1198170.0 26806028
11678666.0 484093244
25028938.0 1078616764
1045546.0 10232748
194458.0 6342760
946794.0 73425900
51618570.0 1916828092
3338154.0 138766172
44342.0 2097068
132290.0 6873684
55299850.0 1242921468
120798.0 4628924
370914.0 25531076
3617066.0 370660220
12386698.0 803228220
133930.0 1685400
7055466.0 530456668
9462986.0 385133820
12522762.0 1241661180
56662.0 846020
3721034.0 161242556
478554.0 11120300
207442.0 10901996
242414.0 13205880
7110442.0 131454844
6693674.0 421317980
1746794.0 96062060
9677610.0 279325372
14437898.0 1854551740
5482122.0 41104220
12847178.0 143030588
439618.0 28783692
4273194.0 100131532
1099882.0 35720412
50224138.0 1338631612
277530.0 15909924
887026.0 17731764
10100234.0 485104316
2184106.0 96653644
222418.0 7254652
188126.0 9646940
1231530.0 65978732
13366986.0 1265854204
9032202.0 381488604
47353226.0 1311315068
454066.0 25400004
30154.0 1087672
24796938.0 828044860
14799818.0 146394428
9753706.0 326505788
3377674.0 156484028
130906.0 4491788
3765610.0 177247676
92446.0 6024460
38830.0 3635888
321818.0 24901500
5718410.0 1458843452
212462.0 5086188
11273674.0 1348781244
6731210.0 318837180
4138922.0 162081468
1729306.0 121134572
6887786.0 128594108
2199690.0 412960444
11311146.0 214674076
238334.0 7811540
8002954.0 476328060
129306.0 5949048
546210.0 20992436
14504394.0 247279516
50926474.0 1847949308
599130.0 31509836
1532474.0 16192476
15448330.0 227713788
8597930.0 401079356
116958.0 6187716
57401866.0 1326676924
74334.0 6682464
11353290.0 266485308
4453898.0 769472188
152578.0 2313368
121098.0 1723244
26765514.0 922593852
103046.0 2961208
406698.0 38884484
885386.0 9777612
88898.0 4269128
5450090.0 527878300
720826.0 14671516
679914.0 25616860
1274794.0 53495612
136226.0 7607264
685178.0 31250524
296822.0 9390168
3882730.0 199819996
228218.0 10527532
1339690.0 152407644
4998634.0 204117116
5471914.0 383069852
54060042.0 2114502396
44877962.0 1058043836
10671658.0 460878396
52427978.0 973921084
2141178.0 24063228
251666.0 4112508
1225754.0 52385404
2890714.0 98066076
24553226.0 1039493372
241954.0 5847340
2839770.0 133239964
364266.0 4147124
5455402.0 172754300
442570.0 25377260
341818.0 16038676
5368266.0 450271708
47625354.0 1333437372
5422346.0 324960732
77977034.0 1589947196
