-0.3203682810430813
-0.6471266264808807
-0.3222598330430813
10000000000.0
-0.7522621132124938
10000000000.0
-0.1400516729179115
-0.7500480888678436
-0.664550668117218
-0.17803476104308125
10000000000.0
-0.7884165682453002
-0.7209604149877776
-0.5179970565565719
-0.6124115797166748
-0.14793341704308127
-0.6788629979972839
-0.7464715754876708
10000000000.0
-0.34657661458975403
10000000000.0
-0.7967574995598603
-0.4899991897636337
-0.3678517290430813
-0.3683859930430813
-0.31296048904308127
-0.3489238170430813
-0.5206807118998642
-0.3564924730430813
-0.3960157396549568
-0.596815518608963
-0.48670145757965844
-0.6355407574298477
-0.5944577784591522
-0.5497032642778931
-0.3936412167451935
10000000000.0
-0.46612639714030457
-0.4390184055132942
-0.339347303115467
-0.7002173063815307
-0.3536549622363663
10000000000.0
-0.38276706161343
-0.651889190998642
-0.36904156973568725
-0.4920927441335144
-0.758002757842041
-0.29940655452008436
-0.3512673261975555
10000000000.0
-0.4513659096301193
-0.3378946810430813
10000000000.0
-0.6964733117779999
10000000000.0
-0.3005384410430813
-0.5193022778187408
10000000000.0
10000000000.0
-0.3317823136772747
10000000000.0
10000000000.0
-0.35637088667320055
-0.3889586048457222
-0.16030306894003296
-0.3625170490430813
10000000000.0
-0.3058124890430813
10000000000.0
-0.36490194504308127
10000000000.0
-0.5337680403788146
-0.3400914974352799
10000000000.0
-0.09017943304308129
10000000000.0
-0.3262071578137016
-0.4649259670653991
-0.5365636027929381
-0.23787104904308126
-0.35107188951872637
-0.3626882233824959
10000000000.0
-0.3482639370430813
-0.7179921180640412
-0.45795966022743223
-0.5852785219576873
-0.592340989118576
-0.5974590855858763
10000000000.0
-0.49923566746051024
-0.3087934571240082
-0.11465759322666358
-0.4296062562336502
-0.4493374705755844
-0.4643042620190124
-0.4177599424979629
10000000000.0
-0.41959589563283534
-0.42455401528236003
10000000000.0
10000000000.0
-0.4436904530459938
-0.34249031067320057
10000000000.0
-0.599698073001358
-0.35599781704308125
-0.17365394242286109
-0.2966615610430813
-0.12459280904308129
-0.3454588410430813
-0.7300834440830535
10000000000.0
-0.6667541588542633
-0.4749761597888641
10000000000.0
-0.45810514383310696
-0.49726303652862547
10000000000.0
-0.4796207074271316
-0.5786127347758561
10000000000.0
-0.6148178741470947
10000000000.0
10000000000.0
-0.3532947062280216
-0.6129317053134155
10000000000.0
10000000000.0
10000000000.0
10000000000.0
-0.32765794284843824
10000000000.0
10000000000.0
-0.5503645094073334
-0.5842544788651276
-0.5053881961948394
10000000000.0
-0.09246765704308127
-0.36685586195556064
-0.3562526330430813
10000000000.0
-0.36074215304308127
-0.7679178504032592
10000000000.0
10000000000.0
-0.4966191953603744
10000000000.0
10000000000.0
10000000000.0
-0.3811179588400936
10000000000.0
-0.7299594193595886
-0.4669860015245514
-0.5303482471430205
-0.5231703207451934
10000000000.0
-0.17787588104308127
10000000000.0
10000000000.0
-0.49408155352455135
-0.15806882298195268
-0.6614525952385101
-0.1880769397884712
-0.29855917704308127
10000000000.0
-0.3960001565228004
-0.3531564700974197
10000000000.0
-0.2912127062588806
-0.3601106970180473
-0.3507061210430813
-0.32890253655074686
10000000000.0
10000000000.0
10000000000.0
-0.45751999276770783
-0.36782465704308126
10000000000.0
-0.4799911570844116
10000000000.0
10000000000.0
-0.5198464277384033
10000000000.0
-0.36446108171899794
-0.5223282303419342
-0.3582070029706955
10000000000.0
-0.43766762319891356
10000000000.0
10000000000.0
10000000000.0
-0.12773085704308126
-0.4243117956825104
10000000000.0
10000000000.0
-0.5232169158610535
10000000000.0
-0.36972190355773354
-0.3280151290430813
10000000000.0
10000000000.0
-0.32259032729904935
-0.7530650356499176
10000000000.0
10000000000.0
-0.3729545677746944
10000000000.0
-0.37882506794449994
10000000000.0
10000000000.0
-0.36537326504308126
-0.760933508061325
10000000000.0
-0.5040775923446503
-0.30539103154938885
-0.7994247784032593
-0.36146174504308126
10000000000.0
-0.3406569690430813
-0.6120662756607819
-0.2630087770430813
-0.5001054660919876
-0.4883089523004074
-0.7862696496472015
10000000000.0
-0.34894493704308127
10000000000.0
10000000000.0
10000000000.0
10000000000.0
10000000000.0
10000000000.0
10000000000.0
-0.5481135518773499
-0.3776649828234043
-0.2652291930430813
-0.5399678660244445
10000000000.0
-0.4457353250735473
-0.3570600621866913
-0.3617057530430813
10000000000.0
-0.7370054754605102
-0.6011226556770782
10000000000.0
10000000000.0
10000000000.0
10000000000.0
