200854.0 10811896.0
344690.0 14792236.0
128602.0 22849636.0
79754890.0 2556320380.0
4874314.0 124567324.0
3418890.0 137906812.0
249990.0 8092004.0
64278.0 11451152.0
268838.0 6830104.0
5797066.0 128392252.0
86294.0 11868964.0
183418.0 8375308.0
4248106.0 100283788.0
3727082.0 234221820.0
5077546.0 206976028.0
1834138.0 173385324.0
22927818.0 1013271164.0
5655114.0 602620156.0
3943626.0 373491900.0
117150.0 6968152.0
878298.0 14578332.0
26810.0 2799696.0
3234890.0 202959676.0
127266.0 4999264.0
38074.0 4167432.0
2956586.0 123590748.0
3296650.0 372198140.0
566602.0 17199724.0
743002.0 31630796.0
91282.0 10592764.0
938202.0 74510604.0
74834.0 8158132.0
7434442.0 620588860.0
1918746.0 81266956.0
201894.0 6243420.0
100826.0 8210396.0
422386.0 11581060.0
3110698.0 232988860.0
2192762.0 53355116.0
422074.0 23687364.0
129122.0 10420844.0
6279946.0 61525916.0
116210.0 6966276.0
3206442.0 85484700.0
82786.0 6899564.0
9642986.0 383181052.0
196706.0 17906796.0
328874.0 7190556.0
184326.0 6855332.0
4921642.0 87034812.0
237374.0 9833020.0
2930810.0 97447324.0
1643946.0 69697164.0
8202794.0 471763996.0
379386.0 8901628.0
159490.0 8075180.0
62116234.0 3151183292.0
231450.0 6996220.0
215642.0 8574572.0
10984842.0 1348203004.0
83486.0 7834044.0
159854.0 8463264.0
16783338.0 704803612.0
49120650.0 741649020.0
4636874.0 124093756.0
70342.0 6674376.0
74242.0 3756804.0
876586.0 58750380.0
8024234.0 431341308.0
9571434.0 479878812.0
15932170.0 471399324.0
290058.0 33190804.0
2395370.0 45747372.0
331586.0 8671140.0
252002.0 5315788.0
76994.0 9120420.0
80147850.0 2557106940.0
12308874.0 388042524.0
47570.0 3797224.0
230418.0 20244196.0
377138.0 27662132.0
2241146.0 99343692.0
1726122.0 42903564.0
82098.0 7596920.0
11877386.0 1349988860.0
1672826.0 28132508.0
153306.0 7116068.0
145054.0 9560964.0
80238.0 7916960.0
25440138.0 2781385212.0
58910.0 10188936.0
61660106.0 992384060.0
626362.0 21035004.0
15271626.0 1675727804.0
35398.0 6557476.0
1496666.0 69402908.0
68017802.0 2188086844.0
42326666.0 1074169212.0
461218.0 21176956.0
53622.0 7774260.0
1582810.0 42617788.0
47846730.0 2209099452.0
2606554.0 35092732.0
15046090.0 809347964.0
188254.0 8520072.0
180842.0 3780356.0
42361610.0 1328104700.0
16967178.0 2765964284.0
14023882.0 801168892.0
1072930.0 26957468.0
63166538.0 3222485116.0
66182.0 7467348.0
4380842.0 202882684.0
55094.0 5733772.0
33025226.0 826609532.0
12854922.0 530188252.0
49541514.0 1088597884.0
39680522.0 3106311100.0
5223690.0 228717212.0
46605898.0 2762903932.0
5777802.0 128356348.0
667922.0 29240332.0
3450858.0 471273244.0
1404426.0 52742796.0
67746.0 6744276.0
176182.0 2434124.0
127386.0 3130552.0
897338.0 31938380.0
54762.0 7701752.0
283562.0 8575132.0
3445306.0 156619564.0
4102634.0 379068636.0
251606.0 7837868.0
35462986.0 2138897404.0
508186.0 59206428.0
4478202.0 80487996.0
861706.0 119399644.0
21891338.0 2050169980.0
864586.0 198551452.0
2216346.0 201653132.0
114974.0 6764368.0
43342858.0 1330065020.0
52054.0 4949956.0
58889546.0 986843324.0
552074.0 24407604.0
3785466.0 181523708.0
15356618.0 227525948.0
54786.0 2099192.0
4086666.0 160488684.0
68453514.0 2188961340.0
21878090.0 348655932.0
1190490.0 40285076.0
119422.0 6192540.0
42330.0 4314860.0
14604874.0 1774106812.0
3109770.0 101079516.0
88786.0 3785876.0
39658.0 6095892.0
4028618.0 101331772.0
1992858.0 81414924.0
129798.0 6614736.0
1256426.0 10519372.0
1799130.0 109896220.0
26091146.0 695589628.0
3159898.0 70053340.0
178074.0 9627016.0
4795754.0 206410588.0
801034.0 51911180.0
509466.0 31163404.0
10333514.0 386874876.0
11861066.0 387146524.0
59806410.0 2517759676.0
145906.0 10701868.0
2558570.0 54084988.0
414682.0 21688196.0
22843530.0 937960444.0
44810.0 4332232.0
67922.0 1109856.0
1170186.0 15163436.0
20401994.0 2047192636.0
3076426.0 180105676.0
12157802.0 383638780.0
457258.0 34885132.0
2457642.0 119734332.0
328786.0 13843020.0
746458.0 24336244.0
715786.0 43213980.0
7878474.0 209875036.0
5570698.0 470798460.0
157114.0 13608964.0
14176522.0 250116956.0
3954154.0 38049980.0
158962.0 9588680.0
48698634.0 2767086652.0
43094.0 6102912.0
1822474.0 83809548.0
2588362.0 35492124.0
1807242.0 96892092.0
1147162.0 10435644.0
1039362.0 40995548.0
4470634.0 344772348.0
2157914.0 54624140.0
612162.0 22083228.0
3015306.0 69545644.0
556130.0 24415468.0
11818442.0 1472236284.0
14107114.0 715998396.0
1135834.0 25474148.0
150830.0 9268056.0
73378186.0 1671206396.0
171026.0 7676912.0
27390346.0 2785281020.0
265310.0 6823088.0
22542154.0 1361970940.0
32981898.0 1499146236.0
2102826.0 198328444.0
1280410.0 60985308.0
3149450.0 156393724.0
491498.0 33752020.0
34366858.0 3166478780.0
4629098.0 770619868.0
306938.0 7346964.0
144762.0 6776104.0
22686282.0 2390219196.0
1055226.0 105976172.0
95462.0 7702636.0
5272266.0 232890652.0
14717738.0 393734780.0
235498.0 5236348.0
8543594.0 131904252.0
424426.0 24634276.0
115754.0 3861576.0
217118.0 6387908.0
602778.0 14435932.0
972962.0 34556300.0
221554.0 14747692.0
24608842.0 504573116.0
4845258.0 393573724.0
2170314.0 135092508.0
13707914.0 2079470396.0
185702.0 5183208.0
