50774.0 6394336
1679418.0 74891164
415578.0 14060588
3508234.0 171814908
1149082.0 40369028
5160778.0 202373116
975610.0 26738972
2286970.0 135326764
26236042.0 1042859772
172922.0 3764916
200854.0 10811896
249990.0 8092004
64278.0 11451152
344690.0 14792236
128602.0 22849636
4874314.0 124567324
3418890.0 137906812
268838.0 6830104
247102.0 10656704
183418.0 8375308
86294.0 11868964
5797066.0 128392252
5077546.0 206976028
4248106.0 100283788
3727082.0 234221820
117150.0 6968152
878298.0 14578332
26810.0 2799696
127266.0 4999264
3943626.0 373491900
38074.0 4167432
193930.0 6680324
201894.0 6243420
74834.0 8158132
129122.0 10420844
160750.0 4551552
100826.0 8210396
97910.0 1613412
2320474.0 197094220
91282.0 10592764
422386.0 11581060
237374.0 9833020
125790.0 2997404
62116234.0 3151183292
215642.0 8574572
566602.0 17199724
159854.0 8463264
8024234.0 431341308
2192762.0 53355116
2395370.0 45747372
1591626.0 52152668
225666.0 12147568
83486.0 7834044
201530.0 2751332
145054.0 9560964
15333322.0 1464657084
251922.0 12200080
82098.0 7596920
82786.0 6899564
252002.0 5315788
1268538.0 119880268
184326.0 6855332
422074.0 23687364
1834138.0 173385324
74242.0 3756804
238410.0 38381524
10161450.0 485226204
2032458.0 135133308
331586.0 8671140
231450.0 6996220
47570.0 3797224
72374.0 821748
1347994.0 52849564
153306.0 7116068
15302282.0 147398524
743002.0 31630796
196706.0 17906796
158838.0 3875376
377138.0 27662132
53622.0 7774260
76994.0 9120420
188254.0 8520072
1588234.0 120413340
35398.0 6557476
79754890.0 2556320380
180842.0 3780356
14385610.0 341037820
92098.0 1665324
626362.0 21035004
2087386.0 82346684
1072930.0 26957468
3900010.0 447335100
70342.0 6674376
328874.0 7190556
55094.0 5733772
2930810.0 97447324
1726122.0 42903564
116210.0 6966276
14023882.0 801168892
938202.0 74510604
37470.0 4757108
8202794.0 471763996
212642.0 2662780
461218.0 21176956
58910.0 10188936
12854922.0 530188252
26914698.0 931928572
230418.0 20244196
9571434.0 479878812
3234890.0 202959676
3206442.0 85484700
1918746.0 81266956
80238.0 7916960
159490.0 8075180
42361610.0 1328104700
667922.0 29240332
1404426.0 52742796
66182.0 7467348
290058.0 33190804
5223690.0 228717212
897338.0 31938380
127386.0 3130552
876586.0 58750380
822506.0 68710124
42326666.0 1074169212
283562.0 8575132
49541514.0 1088597884
6279946.0 61525916
508186.0 59206428
1496666.0 69402908
2241146.0 99343692
2956586.0 123590748
1582810.0 42617788
35462986.0 2138897404
4478202.0 80487996
134794.0 10417720
105838.0 9177984
4380842.0 202882684
861706.0 119399644
2606554.0 35092732
16783338.0 704803612
251606.0 7837868
176182.0 2434124
21891338.0 2050169980
114974.0 6764368
3445306.0 156619564
5777802.0 128356348
92406.0 2090928
3450858.0 471273244
3296650.0 372198140
67746.0 6744276
12308874.0 388042524
7434442.0 620588860
54786.0 2099192
9642986.0 383181052
63166538.0 3222485116
15932170.0 471399324
58889546.0 986843324
47846730.0 2209099452
1672826.0 28132508
46605898.0 2762903932
379386.0 8901628
32234.0 1038656
4086666.0 160488684
3785466.0 181523708
61660106.0 992384060
54762.0 7701752
4102634.0 379068636
3109770.0 101079516
42330.0 4314860
52054.0 4949956
5655114.0 602620156
10113738.0 625946556
11877386.0 1349988860
119422.0 6192540
2444714.0 783345948
1190490.0 40285076
68453514.0 2188961340
182786.0 8957536
3110698.0 232988860
4028618.0 101331772
1799130.0 109896220
54262922.0 990843388
22927818.0 1013271164
801034.0 51911180
236318.0 6312020
1170186.0 15163436
178074.0 9627016
21878090.0 348655932
1643946.0 69697164
29513354.0 1302408444
414682.0 21688196
4921642.0 87034812
2216346.0 201653132
1256426.0 10519372
864586.0 198551452
924986.0 35371212
44810.0 4332232
15356618.0 227525948
145906.0 10701868
