-0.6141813240947036
-0.6138976770735474
-0.3411088224395504
10000000000.0
-0.2892619450430813
10000000000.0
-0.478642063276535
-0.43436646458995054
10000000000.0
-0.5458001692350082
-0.5298162085340576
-0.39595599186648556
-0.3914776920613251
-0.7654555215245513
-0.6206107224591522
-0.40282534345507814
-0.09418637704308129
-0.5242697828876419
-0.36961658747719955
-0.4884193835994568
-0.6352220567793578
-0.5099755114876708
10000000000.0
-0.16943242504308126
10000000000.0
-0.3560636970430813
-0.35295333342150303
-0.5013206059305267
-0.3600014730430813
10000000000.0
-0.3795851326788292
-0.4419693528177757
-0.4322031580306625
-0.7567437538241729
-0.3509783125590915
-0.42557689147719957
-0.35357920904308127
-0.4318731785868416
10000000000.0
-0.40747446988045877
-0.7444378679837036
-0.3503339610430813
-0.394245188612072
10000000000.0
-0.5461208586035309
-0.34197055134911725
-0.35524347326838684
10000000000.0
-0.2633597702280216
-0.45581525963826747
-0.6551046698078765
-0.5432448658692016
-0.35433191304308126
-0.7530673275885925
-0.3508780730430813
10000000000.0
-0.5064598468092346
-0.7762761452466582
-0.7857208579142303
-0.3593684250430813
-0.5855894803555145
-0.35523933491519544
-0.628525272333786
10000000000.0
-0.3652163923170967
-0.6635369576743622
10000000000.0
-0.10001338456743622
-0.3526577210430813
-0.35817756126838685
-0.6954655531348723
-0.36835650504308126
-0.7188808857519836
-0.3584978643170967
-0.4170829564059753
-0.3067384090430813
-0.4743964094686584
-0.7359092688282469
-0.4784057392377243
-0.3716014792907047
-0.42133915497652047
-0.35281985467320054
-0.12917332104308127
-0.3659150454381923
10000000000.0
-0.7312693000830536
10000000000.0
-0.5113593458583374
-0.3279299930430813
-0.6629666144428559
-0.7602350576580658
10000000000.0
-0.5009212556103211
-0.7924888835940247
-0.6660424731566009
-0.42332535643935393
-0.2841928730430813
-0.41388745252280046
10000000000.0
-0.2510087954880638
-0.3839357804118003
10000000000.0
-0.6250044303869629
-0.5112560939747696
-0.34962212904308126
10000000000.0
10000000000.0
-0.5050016016914444
10000000000.0
10000000000.0
-0.19861059914884566
-0.20746608904308128
-0.5679460855742263
-0.5048396361948395
10000000000.0
-0.5118593435435638
-0.33066440749932097
-0.7529452967234649
-0.44893838609198755
10000000000.0
-0.6125132381975555
-0.7923488978024444
-0.49091924544071197
-0.23250975185814093
10000000000.0
-0.3534097360917911
10000000000.0
-0.24694816904308126
-0.703227128846115
-0.5204341735191192
-0.17131261704308126
-0.12281850504308128
-0.4285444337465515
10000000000.0
-0.4904940015913086
-0.6498145653405761
-0.3505240297302551
10000000000.0
-0.13120071304308129
-0.5478945380694733
10000000000.0
-0.45498426354938887
-0.39488175074830245
10000000000.0
-0.7672312661362304
10000000000.0
-0.4309472947875061
-0.3658181450430813
10000000000.0
10000000000.0
-0.3569314457219105
10000000000.0
10000000000.0
-0.3805016155410442
10000000000.0
10000000000.0
10000000000.0
10000000000.0
10000000000.0
-0.658064977724823
10000000000.0
-0.4282167436829033
-0.681732707493103
10000000000.0
10000000000.0
10000000000.0
-0.5605364940306625
10000000000.0
-0.3396909626594238
-0.4737202896797943
-0.5021300785538558
10000000000.0
10000000000.0
10000000000.0
-0.7468849025763702
10000000000.0
-0.5921798680271606
10000000000.0
-0.3520849290430813
10000000000.0
-0.16733645704308128
-0.17540756517368317
10000000000.0
10000000000.0
-0.41415763739646916
-0.3573759610430813
-0.3396731290430813
-0.6233259675660782
10000000000.0
-0.23452567159945675
10000000000.0
-0.6078836084673004
-0.5733003866143951
10000000000.0
-0.708411255332428
10000000000.0
-0.5785575850122222
-0.7597755382029876
10000000000.0
-0.36091626497632406
10000000000.0
-0.36681958504308126
10000000000.0
-0.48922973933786007
10000000000.0
-0.3578082170430813
-0.49567028953541564
-0.3204644254770031
10000000000.0
10000000000.0
10000000000.0
10000000000.0
-0.5395135676436996
-0.47553319213351436
-0.45448004206947323
-0.3427820730430813
-0.48830264741004936
-0.7317605191880493
10000000000.0
10000000000.0
-0.3211847930430813
-0.49059003281195057
-0.7048575017193908
-0.29901575304308126
-0.38628581092645264
10000000000.0
-0.6165360724005432
-0.7579435424645844
10000000000.0
-0.6002887036219711
10000000000.0
-0.49407248512944024
-0.7498026620423126
-0.6665187071267242
10000000000.0
10000000000.0
-0.3844082508204918
10000000000.0
-0.3514638890430813
-0.446443821947216
-0.46576132171395873
10000000000.0
10000000000.0
-0.6096409094740906
-0.4947841855462799
10000000000.0
10000000000.0
10000000000.0
-0.5250261770681152
10000000000.0
-0.43628450892334364
-0.3508539595744228
-0.5044885057023086
-0.6776017313487244
-0.32990170616960907
-0.24802938504308125
10000000000.0
-0.5319169941137161
-0.35530607304308126
-0.3564477930430813
-0.6589501600776215
-0.4173976506594238
10000000000.0
-0.2259033213017654
10000000000.0
10000000000.0
-0.5819820491457367
10000000000.0
10000000000.0
-0.3808447300861626
-0.3211690650430813
-0.4512114412241439
-0.6980674017356872
10000000000.0
-0.5792746169346008
