0.009999999776482582
0.008899999782443047
0.009999999776482582
0.009999999776482582
0.010499999858438969
0.009999999776482582
None 
0.20010000467300415
0.01510000042617321
None 
0.014399999752640724
0.14390000700950623
0.01269999984651804
None 
0.07500000298023224
0.057100001722574234
0.012199999764561653
None 
0.21870000660419464
0.14830000698566437
0.009999999776482582
0.016599999740719795
None 
0.11060000211000443
0.008799999952316284
0.01119999960064888
0.03319999948143959
0.009999999776482582
0.009999999776482582
0.15109999477863312
0.09600000083446503
0.13950000703334808
0.1770000010728836
0.0215000007301569
0.01080000028014183
0.008700000122189522
0.17219999432563782
0.06369999796152115
0.014000000432133675
None 
0.009999999776482582
0.010599999688565731
0.1476999968290329
0.009999999776482582
0.03579999879002571
None 
0.010300000198185444
0.18960000574588776
0.06700000166893005
0.010300000198185444
0.010499999858438969
None 
None 
None 
None 
None 
0.01510000042617321
None 
None 
0.007899999618530273
0.3395000100135803
0.15060000121593475
0.013500000350177288
0.15680000185966492
0.01080000028014183
None 
0.009999999776482582
0.14229999482631683
0.009999999776482582
None 
0.008700000122189522
0.011300000362098217
None 
0.2651999890804291
0.024399999529123306
0.009999999776482582
0.009999999776482582
0.008899999782443047
0.008200000040233135
0.009999999776482582
None 
0.00989999994635582
0.2969000041484833
0.017799999564886093
0.19820000231266022
0.07739999890327454
0.0885000005364418
0.16859999299049377
0.17190000414848328
0.009999999776482582
None 
0.009999999776482582
0.008500000461935997
0.01759999990463257
None 
0.010200000368058681
0.029500000178813934
0.24269999563694
None 
None 
0.18029999732971191
0.012799999676644802
None 
None 
None 
0.009600000455975533
0.02710000053048134
None 
None 
0.0794999971985817
0.048700001090765
0.009999999776482582
None 
0.009999999776482582
None 
0.03480000048875809
None 
0.009999999776482582
0.010200000368058681
0.06509999930858612
0.01360000018030405
0.011099999770522118
0.16840000450611115
0.04699999839067459
0.009999999776482582
0.009999999776482582
0.016699999570846558
0.011300000362098217
0.015699999406933784
0.2815000116825104
0.03999999910593033
0.03240000084042549
0.012600000016391277
0.03660000115633011
0.22660000622272491
0.008500000461935997
0.10480000078678131
0.03579999879002571
None 
0.013399999588727951
None 
None 
0.009999999776482582
0.0885000005364418
0.013100000098347664
0.009999999776482582
0.04399999976158142
0.035100001841783524
0.09740000218153
0.02410000003874302
0.023499999195337296
0.010999999940395355
0.019500000402331352
0.10930000245571136
0.27000001072883606
0.009999999776482582
0.008899999782443047
None 
0.14869999885559082
None 
0.012299999594688416
0.012799999676644802
0.017100000753998756
0.009999999776482582
0.01269999984651804
0.13420000672340393
0.012500000186264515
None 
0.009999999776482582
0.044599998742341995
0.014000000432133675
0.009800000116229057
0.008999999612569809
0.04610000178217888
0.08020000159740448
0.01679999940097332
0.007600000128149986
0.009800000116229057
0.010300000198185444
None 
0.10440000146627426
0.10429999977350235
0.019999999552965164
0.010999999940395355
0.2639000117778778
0.046799998730421066
0.009999999776482582
0.009999999776482582
0.014000000432133675
0.0568000003695488
0.3467999994754791
0.013000000268220901
0.009999999776482582
0.009999999776482582
0.013399999588727951
0.3050999939441681
0.01140000019222498
0.009999999776482582
0.12720000743865967
None 
0.009999999776482582
0.008999999612569809
0.11289999634027481
0.12729999423027039
0.010499999858438969
None 
None 
0.17030000686645508
None 
0.19470000267028809
0.00839999970048666
0.020800000056624413
0.009999999776482582
None 
0.009700000286102295
0.010300000198185444
None 
0.009999999776482582
0.01769999973475933
0.06780000030994415
0.008299999870359898
0.008700000122189522
0.08910000324249268
0.008899999782443047
0.009999999776482582
0.010400000028312206
0.16619999706745148
0.010400000028312206
0.14489999413490295
0.03400000184774399
None 
0.20550000667572021
0.19120000302791595
0.034299999475479126
0.12290000170469284
0.1362999975681305
0.05310000106692314
0.009999999776482582
0.1387999951839447
None 
0.009800000116229057
0.3370000123977661
None 
0.133200004696846
0.011900000274181366
0.1574999988079071
0.24269999563694
0.046300001442432404
0.008999999612569809
0.09730000048875809
0.009999999776482582
0.10689999908208847
0.009499999694526196
0.009999999776482582
0.00839999970048666
0.21160000562667847
0.2304999977350235
0.009200000204145908
0.00989999994635582
0.14890000224113464
0.010200000368058681
0.029100000858306885
None 
None 
0.009700000286102295
0.012400000356137753
0.009200000204145908
0.009999999776482582
0.020600000396370888
0.009999999776482582
0.009800000116229057
0.15279999375343323
0.010900000110268593
0.2093999981880188
0.25540000200271606
