16587940.0 677193688.0
28856.0 1925996.0
2209988.0 337100024.0
911020.0 45205328.0
13315812.0 390928888.0
14570084.0 789700568.0
155388.0 6603712.0
269244.0 5304264.0
484548.0 8512656.0
117832.0 1209864.0
1890932.0 45563560.0
236904.0 6363960.0
53252.0 4349476.0
1694372.0 96967192.0
252436.0 3923904.0
9597508.0 624184696.0
125544.0 3080796.0
179264.0 1870148.0
2892596.0 114533240.0
327572.0 7188232.0
1544500.0 15808280.0
269544.0 6543496.0
647660.0 15314072.0
1494212.0 22770824.0
203772.0 6894324.0
71484.0 4373520.0
1107076.0 95491576.0
537652.0 33686720.0
403996.0 27716160.0
254268.0 7242280.0
490636.0 30311008.0
169828.0 3169512.0
474932.0 14079160.0
950068.0 41535736.0
2681636.0 202185432.0
383884.0 15722664.0
90200.0 3952964.0
343844.0 6050952.0
35408.0 782408.0
745492.0 14620056.0
60736.0 799016.0
763964.0 40981344.0
5873316.0 784870936.0
467156.0 13654968.0
4757508.0 469171064.0
783476.0 14287576.0
118272.0 7646632.0
118928.0 2246432.0
255652.0 18150272.0
389284.0 8871336.0
41248.0 6099564.0
120264.0 3710364.0
819988.0 21894320.0
23515492.0 413244248.0
151712.0 2312176.0
1217540.0 119672984.0
555996.0 30307712.0
57544.0 1089528.0
3476068.0 62985576.0
182420.0 3194568.0
1157156.0 32728888.0
410988.0 11634640.0
1390996.0 53291912.0
201828.0 15475472.0
2095396.0 70851432.0
287936.0 9372900.0
134948.0 4712028.0
556684.0 25747360.0
258812.0 6873216.0
272692.0 10616296.0
116340.0 30649032.0
935876.0 9878472.0
1922324.0 24293704.0
192952.0 6225656.0
1322020.0 52578504.0
141404.0 5470904.0
58388.0 794444.0
290284.0 5768744.0
202016.0 3188360.0
15046436.0 400949976.0
247524.0 8503528.0
920276.0 16229408.0
167156.0 3256852.0
4766772.0 127038248.0
3327988.0 70389784.0
2108132.0 23997864.0
9882724.0 624755096.0
993108.0 155422568.0
585780.0 8783536.0
305636.0 8619880.0
227452.0 15810184.0
3116580.0 48167704.0
12128804.0 678799640.0
171004.0 7677284.0
4146180.0 135853480.0
951588.0 22232376.0
79788.0 2465624.0
402876.0 8813888.0
97500.0 2500744.0
65180.0 3006628.0
989172.0 21761432.0
45304.0 823616.0
588132.0 8720080.0
434108.0 18179080.0
392452.0 4203632.0
263828.0 2832656.0
1648452.0 44406504.0
261452.0 2828040.0
148020.0 5484304.0
72020.0 2095908.0
63292.0 4357024.0
309964.0 13749168.0
103468.0 3083028.0
2120148.0 178575928.0
3458532.0 101749272.0
44056.0 799552.0
1355812.0 15535016.0
11689892.0 628369240.0
608132.0 12029336.0
9091524.0 447435096.0
3335156.0 84099880.0
669196.0 21593128.0
651092.0 14430488.0
134836.0 5633016.0
411356.0 20605792.0
3166676.0 138425128.0
13351396.0 1474106840.0
647356.0 40748064.0
211100.0 10832024.0
11392804.0 1266171992.0
54640932.0 1321154200.0
1218500.0 32318312.0
589988.0 64696392.0
563084.0 11535848.0
2574532.0 199271192.0
172172.0 10182708.0
202104.0 6891120.0
73020.0 1146148.0
15129892.0 147055960.0
12451684.0 786264536.0
11618244.0 395363064.0
673284.0 44920552.0
9272708.0 183343352.0
11075780.0 477509240.0
9524900.0 1843893528.0
65552.0 3778976.0
1727572.0 120259272.0
1539908.0 69489576.0
1592852.0 66700472.0
505972.0 11499504.0
4983652.0 103242328.0
1043284.0 119323816.0
4711684.0 375027832.0
92688.0 2931496.0
141876.0 3029836.0
57924.0 9082640.0
80472.0 1578960.0
34840996.0 1100865880.0
141228.0 6586364.0
42290276.0 1908093528.0
45066852.0 1058422872.0
248820.0 24755912.0
141968.0 9160252.0
47464.0 5514736.0
71688.0 1117880.0
1718484.0 96005944.0
45120036.0 868687512.0
7276804.0 429846232.0
607084.0 28946648.0
139432.0 8422812.0
1999540.0 121235976.0
46367908.0 1535006552.0
17647716.0 1502771928.0
5778692.0 451093464.0
17815076.0 1064187608.0
716636.0 25629072.0
31438564.0 1053266968.0
13058436.0 547598712.0
70472420.0 1665395224.0
61052.0 1149684.0
67232612.0 2804156632.0
1163460.0 111074952.0
3877860.0 124557976.0
25363748.0 1080906200.0
9767396.0 690773400.0
454036.0 9051160.0
63872.0 2874056.0
605172.0 21657480.0
2242084.0 375348696.0
3446020.0 372496760.0
5799236.0 387031864.0
55108644.0 2178187672.0
36341860.0 1514954520.0
59877284.0 1933346072.0
33312.0 6801244.0
1798340.0 115136936.0
61224.0 833696.0
13621988.0 1840837464.0
152620.0 6910936.0
318756.0 16110016.0
37069860.0 2470952536.0
38841380.0 2747373208.0
58016.0 5602472.0
818396.0 51946672.0
4257092.0 158609272.0
138644.0 50213752.0
945780.0 107872856.0
24976.0 1024576.0
64780900.0 2799252952.0
11723876.0 3050400344.0
163044.0 5949964.0
529204.0 25847320.0
1398164.0 44730344.0
1703588.0 23188968.0
7513316.0 604132344.0
22694756.0 1262003608.0
11340868.0 487051128.0
1875396.0 65657272.0
74856.0 2455604.0
3054948.0 138201336.0
186796.0 10783880.0
212004.0 6716760.0
890644.0 52509032.0
98224.0 2434588.0
496860.0 25933424.0
469316.0 57937288.0
277380.0 2859712.0
826916.0 42611368.0
129028.0 13444528.0
176280.0 4119168.0
217564.0 11758136.0
2176260.0 99213656.0
3787012.0 85003160.0
17474852.0 1065127896.0
8104708.0 618765336.0
755580.0 19971200.0
932052.0 24808720.0
315036.0 10700880.0
59892.0 831228.0
4081668.0 125669848.0
12547716.0 336888824.0
90112.0 3827936.0
28367204.0 1801633048.0
242440.0 10406224.0
207052.0 10562740.0
272460.0 7094636.0
26877156.0 514083160.0
5598852.0 375092440.0
80468.0 5007084.0
633364.0 9409368.0
53746596.0 1631945944.0
4128100.0 379119128.0
7332068.0 129482168.0
12153732.0 464443224.0
40710116.0 736573656.0
470308.0 9083400.0
194836.0 6745480.0
1044044.0 26283584.0
926404.0 96813080.0
431708.0 21722488.0
40987812.0 546338648.0
13298980.0 1239407384.0
2017748.0 81229736.0
9050468.0 183205720.0
14206564.0 1470683416.0
1478388.0 32837592.0
1565988.0 11273128.0
30487652.0 3087927640.0
3067588.0 36276824.0
195016.0 3219756.0
1041052.0 25867496.0
74101412.0 1961794584.0
72536.0 822480.0
726916.0 94732920.0
40164.0 9351756.0
1000852.0 26789880.0
40699812.0 3108351384.0
2670724.0 122684280.0
91012.0 6715976.0
9984452.0 552325208.0
542580.0 31667304.0
15933796.0 3128021848.0
59984292.0 2469997720.0
557620.0 31531112.0
139672.0 2288120.0
6951876.0 167707992.0
24176292.0 1794448728.0
173148.0 8859548.0
863092.0 52035528.0
72216.0 4236128.0
69204196.0 1662858776.0
5101348.0 474573912.0
899700.0 43581352.0
