815756.0 20091280
200948.0 34081256
67392.0 8226956
913108.0 86867496
79044.0 3806068
3880740.0 116508968
42671332.0 1052759512
1228180.0 22238552
2529540.0 122400824
24265636.0 1692447576
28856.0 1925996
911020.0 45205328
155388.0 6603712
10440516.0 239150616
252436.0 3923904
327572.0 7188232
484548.0 8512656
16587940.0 677193688
537652.0 33686720
2892596.0 114533240
125544.0 3080796
117832.0 1209864
5873316.0 784870936
41248.0 6099564
783476.0 14287576
60736.0 799016
90200.0 3952964
255652.0 18150272
819988.0 21894320
57544.0 1089528
287936.0 9372900
410988.0 11634640
118928.0 2246432
1890932.0 45563560
179264.0 1870148
167156.0 3256852
1157156.0 32728888
171004.0 7677284
204612.0 13595568
2681636.0 202185432
35408.0 782408
134948.0 4712028
588132.0 8720080
79788.0 2465624
44056.0 799552
14570084.0 789700568
45304.0 823616
97500.0 2500744
203772.0 6894324
96996.0 1221532
2095396.0 70851432
11689892.0 628369240
23939684.0 1374109080
4876036.0 162400168
4998212.0 270779288
5220580.0 425735352
269544.0 6543496
9597508.0 624184696
9768068.0 434828888
227452.0 15810184
1355812.0 15535016
4317988.0 125977432
224420.0 14837584
37140.0 4317316
1390996.0 53291912
13351396.0 1474106840
151712.0 2312176
414764.0 15784200
376716.0 5940872
2574532.0 199271192
73068.0 6880520
290284.0 5768744
3156196.0 371918424
3166676.0 138425128
72020.0 2095908
116156.0 7509432
58388.0 794444
1922324.0 24293704
67080.0 867264
328204.0 23248616
33961892.0 1891437208
118272.0 7646632
1041444.0 15211816
1023092.0 52356328
269244.0 5304264
935876.0 9878472
3797188.0 80229080
411356.0 20605792
2776788.0 45004440
517252.0 34555768
3861828.0 177822808
1648452.0 44406504
1544500.0 15808280
148020.0 5484304
32527268.0 1197379032
73020.0 1146148
985796.0 39876096
464140.0 15882920
54640932.0 1321154200
23515492.0 413244248
4626884.0 58221720
647660.0 15314072
11364900.0 1728258648
14561220.0 393420824
19485412.0 2435783960
67064.0 6151060
1526852.0 109035112
17815076.0 1064187608
9923940.0 799102424
211100.0 10832024
63292.0 4357024
201828.0 15475472
46367908.0 1535006552
71688.0 1117880
7276804.0 429846232
343844.0 6050952
67232612.0 2804156632
374652.0 31164976
218504.0 10275120
134836.0 5633016
182420.0 3194568
154732.0 21302088
467156.0 13654968
141968.0 9160252
200492.0 6934336
532084.0 8820608
61052.0 1149684
164900.0 3939120
72624.0 3021416
605172.0 21657480
33052.0 743748
454036.0 9051160
99136.0 875624
505972.0 11499504
3284804.0 36711640
598452.0 24500560
15129892.0 147055960
745492.0 14620056
5778692.0 451093464
383884.0 15722664
7247556.0 167927384
17647716.0 1502771928
152620.0 6910936
65180.0 3006628
392452.0 4203632
141404.0 5470904
647356.0 40748064
24976.0 1024576
136412.0 3028224
47464.0 5514736
1099412.0 59196056
107292.0 2296844
521308.0 4461000
34856.0 3717768
1539908.0 69489576
318756.0 16110016
195484.0 8214728
13621988.0 1840837464
573852.0 19607840
9091524.0 447435096
951588.0 22232376
1680708.0 16593064
529204.0 25847320
103468.0 3083028
992532.0 9992152
1875396.0 65657272
556684.0 25747360
11723876.0 3050400344
490636.0 30311008
139432.0 8422812
193212.0 4152972
61224.0 833696
186796.0 10783880
58856.0 795392
33312.0 6801244
667548.0 31216544
742820.0 25895000
3335156.0 84099880
144972.0 8433616
21990756.0 936252952
555996.0 30307712
48076.0 807620
172172.0 10182708
120264.0 3710364
3054948.0 138201336
53252.0 4349476
261452.0 2828040
58016.0 5602472
1043284.0 119323816
890644.0 52509032
2108132.0 23997864
169828.0 3169512
563628.0 9270096
563084.0 11535848
63872.0 2874056
1494212.0 22770824
920276.0 16229408
212004.0 6716760
157404.0 6801700
12371428.0 557098232
141876.0 3029836
80468.0 5007084
374204.0 13468896
90112.0 3827936
254268.0 7242280
26877156.0 514083160
20649124.0 233759064
544172.0 8844472
4257092.0 158609272
7332068.0 129482168
651092.0 14430488
402876.0 8813888
826916.0 42611368
22668580.0 688745304
608132.0 12029336
57924.0 9082640
45120036.0 868687512
589988.0 64696392
633364.0 9409368
347100.0 28268136
202104.0 6891120
926404.0 96813080
1703588.0 23188968
1398164.0 44730344
98224.0 2434588
59892.0 831228
1044044.0 26283584
65552.0 3778976
315036.0 10700880
1218500.0 32318312
1545572.0 173189560
726916.0 94732920
202016.0 3188360
1041052.0 25867496
607084.0 28946648
263828.0 2832656
141228.0 6586364
950068.0 41535736
989172.0 21761432
64780900.0 2799252952
2670724.0 122684280
272692.0 10616296
4128100.0 379119128
755580.0 19971200
217564.0 11758136
91012.0 6715976
2017748.0 81229736
163044.0 5949964
192952.0 6225656
945780.0 107872856
194836.0 6745480
248820.0 24755912
74856.0 2455604
82348.0 6773904
258812.0 6873216
557620.0 31531112
4146180.0 135853480
247524.0 8503528
434108.0 18179080
80472.0 1578960
176280.0 4119168
207052.0 10562740
30487652.0 3087927640
9272708.0 183343352
173148.0 8859548
431708.0 21722488
277380.0 2859712
3458532.0 101749272
716636.0 25629072
195016.0 3219756
1478388.0 32837592
129028.0 13444528
236904.0 6363960
3877860.0 124557976
3067588.0 36276824
