-0.26681743984353784
-0.23806748784771012
-0.2905460878435378
-0.1332650078435378
-0.2997378639009073
-0.0739820638435378
10000000000.0
-0.39559289927110286
-0.06576835229832123
10000000000.0
-0.3062280078268485
-0.31031934890665436
-0.2956825758925626
10000000000.0
-0.34465219408616254
-0.3255935372058019
-0.29151468783519313
10000000000.0
-0.38571656462293624
-0.17474352488996503
-0.3008384078435378
-0.30920027181850385
10000000000.0
-0.36522087347700305
-0.2775848479666214
-0.30624196772045426
-0.3153340716370077
-0.27069945584353783
-0.26321135984353783
-0.40359094034504317
-0.34845420058412546
-0.3743807249233436
-0.41940713675101854
-0.2239228805111098
-0.30381970419609927
-0.29957629608553266
-0.3550822200279464
-0.32923543057306476
-0.28260886430249355
10000000000.0
-0.30543518384353785
-0.297995943781996
-0.38594983778032305
-0.3020687518435378
-0.32346089515301796
10000000000.0
-0.3055627681387298
-0.4277185160221214
-0.333111353168251
-0.3047669361387298
-0.16564713590090727
10000000000.0
10000000000.0
10000000000.0
10000000000.0
10000000000.0
-0.2974830082983212
10000000000.0
10000000000.0
-0.27390963173297117
-0.5065799750095062
-0.15346513685115432
-0.27977483224512406
-0.4011253693017654
-0.20097617619609928
10000000000.0
-0.3023756478435378
-0.36804159637842176
-0.2951182558435378
10000000000.0
-0.29232896008553266
-0.2963725122534688
10000000000.0
-0.20878973635630038
-0.3128881836703863
-0.2919811358435378
-0.3054111118435378
-0.2576425918477101
-0.3040054720281632
-0.2605027678435378
10000000000.0
-0.2916367359624491
-0.4774063709039383
-0.20774734369542028
-0.4281314736188621
-0.33442305523229215
-0.20149184037550924
-0.3768084110933457
-0.3303211229039383
-0.2378884638435378
10000000000.0
-0.2181869918435378
-0.27433344032335516
-0.3013513919332428
10000000000.0
-0.304847704257641
-0.24089780812516975
-0.438124156945858
10000000000.0
10000000000.0
-0.30976655813079834
-0.2783318557736513
10000000000.0
10000000000.0
10000000000.0
-0.29441788031918287
-0.10089977637133692
10000000000.0
10000000000.0
-0.33398595003900716
-0.3253759527635355
-0.27604905584353784
10000000000.0
-0.30476423984353784
10000000000.0
-0.31225809634213064
10000000000.0
-0.2446700478435378
-0.28658976025764105
-0.3343039675160102
-0.3031308641262129
-0.2651658238393655
-0.3905700671542778
-0.3145794948734722
-0.2931313278435378
-0.2893587838435378
-0.3093906316995926
-0.3000317602534688
-0.30494716758485363
-0.4537350481777572
-0.3265125033741512
-0.3045776805882978
-0.3070687520114738
-0.30262099280943106
-0.38519672435590746
-0.25694888032335517
-0.0792480805507469
-0.295819887153018
10000000000.0
-0.27793467171210956
10000000000.0
10000000000.0
-0.2931781278435378
-0.35593674437550926
-0.30076273606884335
-0.2960581918435378
-0.249303871833107
-0.32252084928924846
-0.362123553527071
-0.30584052802712014
-0.1980578874367361
-0.30310631195827675
-0.30472800028163194
-0.36907446571899793
-0.35002085551018525
-0.2747799678435378
-0.2898005438477101
10000000000.0
-0.36487431919891355
10000000000.0
-0.2641452477162819
-0.27577387177365137
-0.26027536052779915
-0.30083394384353784
-0.2889056958925626
-0.2626254607063827
-0.2572552801303852
10000000000.0
-0.2463779838435378
-0.3143743751196394
-0.30149405630249354
-0.30519260808136034
-0.28473223972879885
-0.3306792172475252
-0.34253751311818315
-0.24932691158068132
-0.253530000089705
-0.13866024008136035
-0.2903427681387298
10000000000.0
-0.31246457702639197
-0.3713947598414516
-0.29363458368707557
-0.30027927195827675
-0.20832733624451447
-0.32406104711129474
-0.3013439198435378
-0.2957950558435378
-0.07115236830249357
-0.23474193625868417
-0.4947642716328353
-0.3027609761877546
-0.2884598078435378
-0.28392830384353784
-0.3036318877121096
-0.4680283477609176
-0.27552118413455745
-0.29356647984353784
-0.3754366052070618
10000000000.0
