0.5479000210762024
0.10000000149011612
0.10000000149011612
0.21469999849796295
0.10000000149011612
None 
0.3140000104904175
0.10000000149011612
0.10140000283718109
None 
0.7275999784469604
0.18799999356269836
0.3382999897003174
0.3109000027179718
0.617900013923645
None 
0.7253000140190125
None 
0.4537999927997589
0.7263000011444092
0.5569999814033508
0.10000000149011612
0.21369999647140503
0.3305000066757202
0.2062000036239624
0.275299996137619
0.3513000011444092
0.34850001335144043
0.12939999997615814
0.14339999854564667
0.3269999921321869
0.6039999723434448
0.47870001196861267
0.16189999878406525
0.1354999989271164
0.6039999723434448
0.42980000376701355
0.349700003862381
0.63919997215271
0.7031000256538391
0.33250001072883606
0.6180999875068665
0.4189999997615814
0.10000000149011612
0.3142000138759613
0.23119999468326569
0.15790000557899475
0.3758000135421753
0.2004999965429306
0.10000000149011612
0.24410000443458557
0.1363999992609024
0.15629999339580536
0.11949999630451202
0.3264999985694885
0.11320000141859055
0.67330002784729
0.20829999446868896
0.2054000049829483
0.6226999759674072
0.10090000182390213
0.23010000586509705
0.22789999842643738
0.12080000340938568
0.12219999730587006
0.4595000147819519
0.3353999853134155
0.45910000801086426
0.6629999876022339
0.10000000149011612
0.3497999906539917
0.3203999996185303
0.10000000149011612
0.7055000066757202
0.20110000669956207
