53690.0 1975204
3998666.0 87307196
186678.0 7984168
1800442.0 134354508
705290.0 14232156
13321098.0 1552097276
1202906.0 65920956
761514.0 113062988
122674.0 7677992
4211114.0 170265724
200550.0 9367392
282646.0 12261548
182502.0 3240364
80126.0 13289944
233038.0 10628488
5882890.0 234111388
784234.0 31583948
4217130.0 205654556
317034.0 8390356
376970.0 28327428
47070.0 3866432
304590.0 10757428
71466.0 6677500
124502.0 8005512
74042.0 6330232
210950.0 9692692
82062.0 6417404
39162.0 3725984
29434.0 1964612
1191042.0 32263156
58842.0 1144848
43954.0 2039624
127598.0 3084832
65690.0 3903700
172954.0 6299712
173674.0 6881892
173826.0 15819292
119706.0 7783524
49374.0 7375440
186482.0 11695620
53190.0 3753996
121430.0 6196828
152898.0 7503468
38594.0 776032
251274.0 8046676
118842.0 8246380
1500874.0 23450140
109998.0 3943876
43566.0 5506532
43958.0 2169900
15530.0 742328
73034.0 2013844
22742.0 1997340
98806.0 4585212
58722.0 6851516
167718.0 8091744
573770.0 18660532
94170.0 4870256
238002.0 6429656
197422.0 4836708
170682.0 2579028
88546.0 6911276
68274.0 847456
150850.0 2417584
20062.0 4131596
224242.0 5635564
251466.0 5865772
100330.0 3076488
56338.0 3885116
85810.0 2452204
39930.0 6613652
714098.0 17386260
69474.0 7415772
103482.0 4298176
826338.0 18088124
