-0.6795796067533416
-0.19538560904308128
-0.3540316650430813
-0.18158098294857405
-0.3415356890430813
10000000000.0
-0.38795809534329223
-0.14387402504308128
-0.3556240179860268
10000000000.0
-0.7905852009128723
-0.4070768994938888
-0.5303292647902221
-0.49105011390258024
-0.7112730337465515
10000000000.0
-0.7445421138133087
10000000000.0
-0.6008792829598312
-0.7517551448010864
-0.6821671229823456
-0.34848514504308126
-0.4362349975299835
-0.5153389806730041
-0.43167953853677365
-0.4733246132963333
-0.5330751928010864
-0.5364980413460082
-0.38665077598331066
-0.3358536869819526
-0.5266102984925308
-0.7187207326404113
-0.6289203443780288
-0.40552259914884564
-0.38225057524898143
-0.7090361966404113
-0.5692214186369096
-0.5292229547036666
-0.732689100506897
-0.7687787779576873
-0.5252420155101852
-0.7202763352548065
-0.578293063833107
-0.36844793704308126
-0.5038466577131728
-0.445347236278286
-0.3636297239052963
-0.5551722574795226
-0.42933693358005137
-0.3656602010430813
-0.46938534710420987
-0.39145231148263165
-0.40541531537706377
-0.3744795734131584
-0.514846966998642
-0.36305651299301334
-0.733988955493103
-0.4360694841280823
-0.4309206914880638
-0.726216567177185
-0.3654719452767315
-0.44724745210556793
-0.45783508689850616
-0.37972483438656995
-0.37727680611410896
-0.6103788823473663
-0.5230484457193909
-0.6152170296076049
-0.7563297593215637
-0.36509559304308126
-0.5316326894577942
-0.48950747973297115
-0.3551684570430813
-0.7852536526730041
-0.40459375668969344
