0.0940999984741211
0.009999999776482582
0.009999999776482582
0.018300000578165054
0.009999999776482582
None 
0.03139999881386757
0.009999999776482582
0.010599999688565731
None 
None 
0.014000000432133675
0.11479999870061874
0.009999999776482582
0.014999999664723873
None 
0.009999999776482582
0.2531999945640564
0.10939999669790268
None 
0.2957000136375427
0.009700000286102295
0.031199999153614044
0.01080000028014183
0.12150000035762787
0.010099999606609344
0.09560000151395798
0.1712000072002411
0.011099999770522118
0.015399999916553497
0.010599999688565731
0.014600000344216824
0.06499999761581421
None 
0.0215000007301569
0.013500000350177288
0.013100000098347664
0.17550000548362732
0.013299999758601189
None 
0.009999999776482582
0.009999999776482582
0.009999999776482582
0.01080000028014183
0.03620000183582306
0.010700000450015068
None 
0.0142000000923872
0.009999999776482582
0.009800000116229057
0.3968000113964081
0.010300000198185444
0.01679999940097332
0.009999999776482582
0.013899999670684338
0.20509999990463257
0.010400000028312206
0.012500000186264515
0.020999999716877937
0.00989999994635582
0.11649999767541885
0.032499998807907104
0.024800000712275505
0.007300000172108412
None 
None 
0.031700000166893005
None 
0.009999999776482582
0.018200000748038292
0.010700000450015068
0.009499999694526196
0.009999999776482582
0.010499999858438969
0.13130000233650208
0.11029999703168869
0.01140000019222498
None 
0.0640999972820282
0.011699999682605267
0.010400000028312206
0.009999999776482582
0.010200000368058681
None 
0.009399999864399433
None 
None 
0.009600000455975533
0.023099999874830246
0.11010000109672546
None 
0.010200000368058681
0.040800001472234726
0.009600000455975533
0.009999999776482582
0.009999999776482582
0.007499999832361937
0.03310000151395798
0.009999999776482582
0.009999999776482582
0.009999999776482582
0.009999999776482582
0.21170000731945038
0.010499999858438969
0.23240000009536743
None 
None 
0.008700000122189522
None 
0.12110000103712082
0.009999999776482582
0.009999999776482582
0.012000000104308128
0.017500000074505806
None 
0.03689999878406525
0.009399999864399433
0.2761000096797943
None 
0.009999999776482582
0.011099999770522118
None 
None 
0.010900000110268593
0.3571999967098236
None 
0.017999999225139618
0.007000000216066837
0.009999999776482582
0.009999999776482582
0.009999999776482582
0.010099999606609344
0.1421000063419342
None 
0.010400000028312206
0.009999999776482582
0.287200003862381
0.11309999972581863
None 
0.05530000105500221
0.009999999776482582
0.009999999776482582
0.07159999758005142
0.30079999566078186
0.008999999612569809
0.009999999776482582
0.009999999776482582
0.011599999852478504
0.011300000362098217
0.009999999776482582
0.021900000050663948
0.062300000339746475
0.0066999997943639755
0.036400001496076584
0.009499999694526196
0.020899999886751175
0.00839999970048666
0.2378000020980835
0.009999999776482582
0.02319999970495701
0.026900000870227814
0.15049999952316284
None 
0.3621000051498413
0.06539999693632126
0.009999999776482582
None 
0.05009999871253967
0.125
