38244580.0 2478943832.0
388724.0 8389648.0
9660068.0 241422584.0
486940.0 16328712.0
1407124.0 42450648.0
3992260.0 343816536.0
3802772.0 102438216.0
71080.0 853552.0
3139844.0 784736376.0
6716260.0 63736568.0
184992.0 3116168.0
879220.0 43691976.0
1536484.0 32952968.0
781172.0 25819624.0
3679796.0 84553480.0
49244.0 809988.0
1509828.0 22801416.0
44672.0 3916308.0
167820.0 6175484.0
161828.0 9377584.0
133672.0 2349432.0
1438260.0 33021128.0
2147892.0 43747128.0
1144548.0 31619752.0
615724.0 11301920.0
1789108.0 23906504.0
4913508.0 124917368.0
3340388.0 61750216.0
636860.0 11837624.0
932260.0 154180328.0
31528.0 1037640.0
3382404.0 138855832.0
175504.0 8495108.0
2883140.0 122567928.0
179644.0 3989628.0
71100.0 2010192.0
5947844.0 273179928.0
8834340.0 482038360.0
84524.0 4260836.0
1443092.0 95171384.0
170292.0 3811120.0
82152.0 6698492.0
109728.0 7028964.0
4598564.0 206419672.0
70860.0 6675744.0
321708.0 29839312.0
4647556.0 205785144.0
368716.0 30883424.0
894292.0 88167384.0
11096420.0 387794264.0
62536.0 3849648.0
155856.0 3067028.0
430164.0 8404416.0
85668.0 3641440.0
2224388.0 196504120.0
171764.0 3219324.0
4822372.0 270428472.0
11362948.0 187525624.0
239780.0 30494184.0
766788.0 79972584.0
360852.0 5909296.0
68840.0 2443476.0
22519140.0 3141189720.0
1040588.0 24925048.0
113400.0 3102912.0
66336.0 2371052.0
115844.0 1713264.0
1398068.0 69206232.0
355732.0 8939352.0
5476260.0 203406552.0
9328612.0 133475384.0
332004.0 10734904.0
39744740.0 1108044184.0
100736.0 7536584.0
203028.0 38311120.0
11335748.0 613981240.0
34969060.0 1059452824.0
214248.0 10930364.0
257228.0 2752072.0
137188.0 1755776.0
404212.0 33419744.0
107088.0 6230924.0
863348.0 58724728.0
9120964.0 210697656.0
3954980.0 374114200.0
8189220.0 65343736.0
332796.0 14149920.0
307732.0 2896864.0
991620.0 81056440.0
5103108.0 40346904.0
202844.0 7139592.0
112548.0 4907236.0
58888.0 8631240.0
18057316.0 1863118680.0
28899620.0 818360472.0
507244.0 44588384.0
216716.0 3852696.0
476244.0 20735512.0
52939748.0 2836382104.0
656284.0 50283824.0
96508.0 4938020.0
6479524.0 63264696.0
13495588.0 793112280.0
71380.0 842132.0
19408868.0 1514154584.0
1811364.0 120425176.0
593308.0 24389896.0
2659668.0 47101128.0
25090852.0 1877186456.0
5244932.0 374788440.0
239960.0 10981884.0
29977316.0 1507355352.0
2349764.0 82872072.0
248368.0 5860468.0
52024292.0 2172018008.0
876052.0 9894168.0
5035844.0 231836120.0
67124.0 2143028.0
2698324.0 97184696.0
3200100.0 98685768.0
78332.0 3804508.0
68356.0 1111060.0
900516.0 41252648.0
312700.0 8633696.0
462092.0 11488040.0
125364.0 7683780.0
950324.0 15131512.0
1073604.0 52874328.0
46111204.0 1905814616.0
162488.0 3109248.0
69608.0 8652744.0
62336.0 4512384.0
3659588.0 100594744.0
13315172.0 270408280.0
2127796.0 108438440.0
234532.0 8982420.0
2099876.0 33394248.0
537684.0 30404728.0
226568.0 10684736.0
28690404.0 1906773848.0
13342564.0 3122840664.0
13092324.0 1353552024.0
3631428.0 340509752.0
52538404.0 1581550872.0
88704.0 6711444.0
24420964.0 927883544.0
138548.0 3032440.0
18867684.0 154530840.0
5639044.0 128417528.0
7425252.0 319754264.0
20652324.0 500955288.0
15835876.0 1777765656.0
70512.0 6750188.0
995628.0 24935640.0
112032.0 4968944.0
39690020.0 1603831640.0
653572.0 45895184.0
8779172.0 301654712.0
9815428.0 610940024.0
186220.0 5034052.0
30418084.0 1887840792.0
6939588.0 263485336.0
298164.0 28500976.0
79635364.0 2556084952.0
15810852.0 253383352.0
2315556.0 174348536.0
1722756.0 177399720.0
206212.0 13598800.0
30608996.0 2458034072.0
5052964.0 89176792.0
9809444.0 481025560.0
44731748.0 1327644504.0
7635556.0 1045452056.0
211780.0 8016068.0
2298036.0 46531144.0
20496932.0 632299544.0
5966212.0 42072984.0
256084.0 25004984.0
664084.0 25820152.0
8547172.0 671639384.0
5754564.0 41649624.0
6170852.0 61308216.0
624004.0 8791728.0
304076.0 20391440.0
2574148.0 154205864.0
1876676.0 44709960.0
4654116.0 201363864.0
25229348.0 1516732824.0
2486244.0 227320312.0
318396.0 21496248.0
3036836.0 86237608.0
66992996.0 2864490264.0
71584.0 3065400.0
66800.0 811080.0
17646244.0 2380139736.0
16755812.0 1859186520.0
603332.0 39111520.0
22614116.0 1511502296.0
35464228.0 831486872.0
33290148.0 709987800.0
59424.0 830200.0
106724.0 6517396.0
26274340.0 930649688.0
270980.0 14026504.0
760148.0 9527192.0
277652.0 2792912.0
158836.0 7515552.0
7865988.0 423663288.0
29016.0 4359208.0
197616.0 6349328.0
2633236.0 109131560.0
83056.0 6700212.0
55461796.0 993919960.0
96916.0 3116148.0
64253028.0 1873400600.0
384508.0 14253120.0
6833476.0 274450328.0
69260.0 2940272.0
816212.0 14760408.0
83640.0 1167416.0
1387524.0 58976616.0
1274980.0 52484744.0
481252.0 25774816.0
629524.0 28166840.0
137888.0 7473900.0
3193140.0 123189096.0
1743636.0 109467896.0
342804.0 22881208.0
74924.0 5774052.0
308920.0 8374388.0
153952.0 7852316.0
17637060.0 551617976.0
904660.0 20039488.0
34658340.0 2121371160.0
