62060.0 1992304
4044836.0 87399896
187488.0 7986148
1813492.0 134380968
713300.0 14248536
13453668.0 1552362776
1211636.0 65938776
781764.0 113103848
128164.0 7689332
4274564.0 170392984
38244580.0 2478943832
1407124.0 42450648
3679796.0 84553480
184992.0 3116168
167820.0 6175484
932260.0 154180328
636860.0 11837624
71100.0 2010192
84524.0 4260836
4598564.0 206419672
2147892.0 43747128
62536.0 3849648
70860.0 6675744
31528.0 1037640
113400.0 3102912
71080.0 853552
49244.0 809988
1040588.0 24925048
137188.0 1755776
107088.0 6230924
404212.0 33419744
430164.0 8404416
133672.0 2349432
4647556.0 205785144
179644.0 3989628
66240.0 2370860
307732.0 2896864
112548.0 4907236
96508.0 4938020
34969060.0 1059452824
71380.0 842132
67124.0 2143028
115844.0 1713264
68356.0 1111060
100736.0 7536584
66336.0 2371052
5476260.0 203406552
615724.0 11301920
1178852.0 97220728
227148.0 23188552
894292.0 88167384
257228.0 2752072
216716.0 3852696
125364.0 7683780
388724.0 8389648
3382404.0 138855832
3159396.0 36634552
68840.0 2443476
937892.0 32289848
900516.0 41252648
3200100.0 98685768
85668.0 3641440
73764.0 5511352
202844.0 7139592
5244932.0 374788440
9660068.0 241422584
476244.0 20735512
13495588.0 793112280
58888.0 8631240
1704548.0 16128328
155856.0 3067028
360852.0 5909296
226568.0 10684736
1509828.0 22801416
368716.0 30883424
3340388.0 61750216
214248.0 10930364
6571460.0 700166680
1398068.0 69206232
332004.0 10734904
62336.0 4512384
170292.0 3811120
69608.0 8652744
5947844.0 273179928
355732.0 8939352
11096420.0 387794264
9120964.0 210697656
234532.0 8982420
664692.0 25587048
138548.0 3032440
39690020.0 1603831640
44672.0 3916308
8189220.0 65343736
950324.0 15131512
94900.0 4577412
462092.0 11488040
1789108.0 23906504
5103108.0 40346904
1689316.0 98210904
162488.0 3109248
879220.0 43691976
239960.0 10981884
2659668.0 47101128
131540.0 6267548
619644.0 31384848
13092324.0 1353552024
10779876.0 1468965336
161828.0 9377584
41707748.0 3110366936
781172.0 25819624
5639044.0 128417528
2127796.0 108438440
321708.0 29839312
1811364.0 120425176
13342564.0 3122840664
248368.0 5860468
2698324.0 97184696
206212.0 13598800
4822372.0 270428472
486940.0 16328712
537684.0 30404728
20308708.0 2771122328
3781348.0 378425752
1144548.0 31619752
5058852.0 100462344
981860.0 155763576
134312.0 2277224
175504.0 8495108
991620.0 81056440
84924.0 4412620
67312.0 3907260
876052.0 9894168
4913508.0 124917368
19408868.0 1514154584
78332.0 3804508
70512.0 6750188
653572.0 45895184
1536484.0 32952968
1722756.0 177399720
593308.0 24389896
2298036.0 46531144
2207028.0 24195640
186220.0 5034052
6479524.0 63264696
298164.0 28500976
507244.0 44588384
656284.0 50283824
211780.0 8016068
1438260.0 33021128
766788.0 79972584
82152.0 6698492
913540.0 26767816
109728.0 7028964
5052964.0 89176792
112032.0 4968944
80360.0 2028716
6716260.0 63736568
256084.0 25004984
203028.0 38311120
664084.0 25820152
2883140.0 122567928
785956.0 14292040
11362948.0 187525624
9328612.0 133475384
295524.0 22786792
312700.0 8633696
7425252.0 319754264
3036836.0 86237608
66800.0 811080
332796.0 14149920
5966212.0 42072984
5035844.0 231836120
20652324.0 500955288
817252.0 9776744
39744740.0 1108044184
106724.0 6517396
59424.0 830200
318396.0 21496248
13315172.0 270408280
603332.0 39111520
2455444.0 24691864
239780.0 30494184
22519140.0 3141189720
2486244.0 227320312
15810852.0 253383352
6170852.0 61308216
624004.0 8791728
25229348.0 1516732824
3954980.0 374114200
46111204.0 1905814616
2574148.0 154205864
4654116.0 201363864
6939588.0 263485336
71584.0 3065400
2315556.0 174348536
25090852.0 1877186456
2224388.0 196504120
3631428.0 340509752
3659588.0 100594744
1292212.0 68994136
760148.0 9527192
197616.0 6349328
1443092.0 95171384
277652.0 2792912
83056.0 6700212
9815428.0 610940024
30608996.0 2458034072
995628.0 24935640
2830180.0 157975720
29977316.0 1507355352
106892.0 1187932
120740.0 1753024
9809444.0 481025560
8547172.0 671639384
69260.0 2940272
2099876.0 33394248
83640.0 1167416
2074372.0 34292376
7865988.0 423663288
29016.0 4359208
171764.0 3219324
158836.0 7515552
304076.0 20391440
93000.0 1160408
1387524.0 58976616
68360.0 2004860
24420964.0 927883544
776436.0 34163520
17637060.0 551617976
308920.0 8374388
75120.0 1203688
153952.0 7852316
1274980.0 52484744
384508.0 14253120
1876676.0 44709960
3802772.0 102438216
270980.0 14026504
1743636.0 109467896
182052.0 2446116
629524.0 28166840
3193140.0 123189096
137888.0 7473900
52538404.0 1581550872
5754564.0 41649624
1073604.0 52874328
88708.0 888572
88704.0 6711444
30418084.0 1887840792
3992260.0 343816536
33290148.0 709987800
