-0.36188539093188477
-0.13220020784353778
-0.2910277038435378
-0.04404806440471555
-0.2785029278435378
10000000000.0
-0.19010244716970728
-0.08079230384353779
-0.29204133578199604
10000000000.0
10000000000.0
-0.22489870430249356
-0.2112530390904331
-0.3007676638435378
-0.29814903176530666
10000000000.0
-0.28332475184353784
-0.47321961219483943
-0.3680583256885318
10000000000.0
-0.4194957535462799
-0.2990907042002716
-0.3084885114075298
-0.30548472019609924
-0.37884417625033945
-0.3053628957246265
-0.36530002505977055
-0.3699899090401687
-0.3042584478393655
-0.29831815194158745
-0.240580511781996
-0.29341116824095176
-0.3408011343310699
10000000000.0
-0.3070707445111098
-0.3047082802451241
-0.3033762720688434
-0.4130355318385391
-0.29943395983102084
10000000000.0
-0.3053157358435378
-0.30271394384353784
-0.30357347184353783
-0.30533788019609925
-0.3102668332850761
-0.30274789631501053
10000000000.0
-0.28733616006467105
-0.11255854384353779
-0.2604828960813603
-0.40142523997748564
-0.3017058561387298
-0.30405460758068126
-0.2916324398435378
-0.292950703769479
-0.16585833593324278
-0.23401089601981853
-0.30386304813038517
-0.25012030380181455
-0.2244247039624491
-0.18417846237279317
-0.315467119165535
-0.30633729649859287
-0.2908308161204759
10000000000.0
10000000000.0
-0.2807189761168251
10000000000.0
-0.28973751984353785
-0.2804833445236268
-0.30135594431501056
-0.2948314077861683
-0.2856305278435378
-0.26174716790090724
-0.33014315363555147
-0.2537095659221821
-0.28611927213455746
10000000000.0
-0.20645753409741974
-0.2867201917778237
-0.2982552320198185
-0.2993777598435378
-0.28983451225764106
10000000000.0
-0.2887012959050796
10000000000.0
10000000000.0
-0.28875516031918286
-0.26499590391238115
-0.3710051207677078
10000000000.0
-0.29930738425764103
-0.1978725290305643
-0.2764569763191828
-0.2978451758435378
-0.2840239198435378
-0.25743699188265334
-0.24247619305977056
-0.1105781918435378
-0.3007815038435378
-0.21961604784353778
-0.2850362318435378
-0.35398774912361525
-0.29481490390090725
-0.3999103040667572
10000000000.0
10000000000.0
-0.2873348320855327
10000000000.0
-0.3331307527259846
-0.05016494384353781
-0.0901231198435378
-0.24872137607301567
-0.07139964805215407
10000000000.0
-0.3141090631488456
-0.1122106079050796
-0.46607240677585604
10000000000.0
-0.27434257584353783
-0.2469605438393655
10000000000.0
10000000000.0
-0.244390496077188
-0.34911530969687654
10000000000.0
-0.3080455514575977
-0.2879097841512468
-0.14488711984353778
-0.2981747598435378
-0.2991854798435378
-0.2872816637246265
-0.14963526843935393
10000000000.0
-0.2996709840198185
-0.2934996238435378
-0.40924963470366665
-0.31326406380807303
10000000000.0
-0.28993020873850156
-0.2139377118435378
-0.25860871984353784
-0.340051894306036
-0.38403060496254726
-0.24929804772879885
-0.2178232318435378
-0.20643235184353778
-0.2920878638967349
-0.24186774425346874
-0.1470548318435378
-0.30193301603546474
-0.2900743682378225
-0.2906320718560548
-0.1471264170472536
-0.2967121117861683
-0.3105725679207258
-0.17840686379034065
-0.4164500334686584
-0.23037775984353778
-0.26459969579346987
-0.07369414460915948
-0.376765919666214
10000000000.0
-0.2865192356048889
-0.30020641385542485
-0.2897326078435378
10000000000.0
-0.16259478309877773
-0.38587784
-0.2787001598435378
-0.23349403202294777
10000000000.0
10000000000.0
-0.28800651219609924
10000000000.0
-0.2939652078435378
-0.31051960017106534
-0.4690374945538559
10000000000.0
-0.23010696019192697
-0.26125627217940994
-0.24601163184353778
10000000000.0
10000000000.0
10000000000.0
-0.1843835678435378
-0.292846543884218
10000000000.0
10000000000.0
10000000000.0
10000000000.0
10000000000.0
10000000000.0
-0.30128919978199603
10000000000.0
10000000000.0
10000000000.0
10000000000.0
-0.2947405220803375
-0.36319173307354735
-0.28724561572879886
-0.3740313413964691
-0.11665723184353781
-0.30267417631083826
-0.3402895773685226
10000000000.0
10000000000.0
-0.25747871990090726
10000000000.0
10000000000.0
-0.3046241358435378
-0.46197394731030655
10000000000.0
10000000000.0
-0.30111945584353783
-0.3915515036161461
-0.34036516847981735
-0.27663524680671503
10000000000.0
-0.3605115824395504
-0.30546135264671037
-0.3614088965340576
-0.27531712003129244
-0.3046791838435378
-0.38994676165806574
-0.31251028062167646
10000000000.0
-0.31770296119328495
10000000000.0
-0.295781223576509
-0.3041026240239909
-0.2912953678435378
-0.3104605154046173
-0.28052376030666587
-0.2181400801960993
-0.10716356840888787
-0.3352969899972839
-0.08813420772462656
-0.31561776836299227
-0.3305363197663498
-0.06062180784353781
-0.305632200244081
10000000000.0
-0.3548807545701522
-0.4156613473044815
-0.34995285548263166
-0.293997111781996
10000000000.0
10000000000.0
10000000000.0
