0.10000000149011612
0.09910000115633011
0.10000000149011612
0.49470001459121704
0.23100000619888306
0.10000000149011612
None 
0.6455000042915344
0.24089999496936798
None 
0.19660000503063202
0.6625000238418579
0.12020000070333481
None 
0.44350001215934753
0.4406999945640564
0.12880000472068787
None 
0.6721000075340271
0.6211000084877014
0.11460000276565552
0.40849998593330383
None 
0.4587000012397766
0.20479999482631683
0.12150000035762787
0.22450000047683716
0.38989999890327454
0.10000000149011612
0.10000000149011612
0.5884000062942505
0.10000000149011612
0.11100000143051147
0.5659999847412109
0.10000000149011612
0.10000000149011612
0.5706999897956848
0.0997999981045723
0.24809999763965607
0.09799999743700027
0.09510000050067902
0.5437999963760376
0.4212999939918518
0.10000000149011612
0.11050000041723251
0.6912000179290771
0.6557000279426575
0.5674999952316284
0.2159000039100647
0.10000000149011612
0.09889999777078629
None 
0.21080000698566437
0.25529998540878296
0.1988999992609024
0.10000000149011612
0.5860000252723694
0.5891000032424927
0.6425999999046326
0.3869999945163727
0.10000000149011612
0.579200029373169
0.650600016117096
0.1850000023841858
0.11259999871253967
0.6468999981880188
0.3116999864578247
None 
0.550000011920929
0.19020000100135803
0.11429999768733978
None 
0.23890000581741333
None 
0.10000000149011612
0.27379998564720154
None 
None 
0.7013000249862671
0.09989999979734421
0.38499999046325684
None 
0.11020000278949738
0.3490999937057495
None 
0.09989999979734421
0.10000000149011612
0.10000000149011612
0.4853000044822693
0.4284000098705292
0.10000000149011612
0.10000000149011612
None 
0.41359999775886536
None 
None 
0.10000000149011612
0.10000000149011612
0.2705000042915344
0.7008000016212463
0.5950000286102295
None 
0.10000000149011612
0.6823999881744385
None 
0.38929998874664307
0.31450000405311584
0.38029998540878296
0.10000000149011612
None 
0.5060999989509583
0.10849999636411667
0.10000000149011612
0.10000000149011612
None 
0.22300000488758087
None 
0.10000000149011612
0.10000000149011612
0.579800009727478
None 
0.10000000149011612
0.10000000149011612
0.13359999656677246
0.17759999632835388
0.11739999800920486
0.5803999900817871
0.17419999837875366
0.10000000149011612
None 
None 
0.3452000021934509
0.11559999734163284
0.3248000144958496
0.21619999408721924
None 
0.10329999774694443
0.14399999380111694
None 
0.5027999877929688
0.18140000104904175
None 
0.10000000149011612
0.13729999959468842
None 
0.10000000149011612
0.10499999672174454
None 
0.11299999803304672
0.57669997215271
0.7063999772071838
0.28130000829696655
0.10369999706745148
0.44530001282691956
0.11879999935626984
0.1453000009059906
None 
0.7188000082969666
0.6287000179290771
0.10000000149011612
0.10000000149011612
0.10000000149011612
None 
None 
0.21879999339580536
0.5501000285148621
0.1453000009059906
0.6948999762535095
0.6381999850273132
None 
0.413100004196167
0.2418999969959259
0.12409999966621399
None 
0.3610000014305115
0.10260000079870224
0.10000000149011612
0.10000000149011612
0.739300012588501
0.7080000042915344
0.23360000550746918
0.483599990606308
0.19220000505447388
None 
0.36410000920295715
None 
0.5979999899864197
0.43720000982284546
0.11980000138282776
0.6693999767303467
0.5059999823570251
0.09989999979734421
0.4880000054836273
0.10540000349283218
None 
0.15710000693798065
0.7001000046730042
0.10000000149011612
0.2687000036239624
0.6037999987602234
0.6657999753952026
0.19429999589920044
0.10000000149011612
None 
0.7437999844551086
0.5368000268936157
0.2865000069141388
None 
0.16899999976158142
0.3301999866962433
0.3531999886035919
0.3937000036239624
0.34869998693466187
0.5716999769210815
None 
0.6402000188827515
0.10000000149011612
0.42170000076293945
0.120899997651577
0.31139999628067017
0.38449999690055847
0.2280000001192093
None 
0.7321000099182129
0.10000000149011612
0.13079999387264252
None 
0.10000000149011612
0.10000000149011612
0.10010000318288803
0.1898999959230423
0.1362999975681305
0.10000000149011612
0.12039999663829803
None 
0.22599999606609344
0.10000000149011612
None 
0.10000000149011612
0.36419999599456787
0.12809999287128448
0.3474999964237213
0.16060000658035278
0.453000009059906
0.13819999992847443
0.4616999924182892
0.33250001072883606
None 
0.4814999997615814
0.682200014591217
0.4034000039100647
0.6924999952316284
0.4490000009536743
0.10090000182390213
0.6449999809265137
0.5706999897956848
0.10000000149011612
None 
0.6265000104904175
0.10000000149011612
0.3767000138759613
0.10000000149011612
0.10000000149011612
0.3353999853134155
0.10000000149011612
0.10480000078678131
0.27070000767707825
None 
0.14489999413490295
0.3310000002384186
0.10010000318288803
0.6614000201225281
0.1136000007390976
0.10000000149011612
None 
