16484170.0 676985788.0
27686.0 1923296.0
2181098.0 337041884.0
893650.0 45170228.0
13278282.0 390853468.0
14500874.0 789561788.0
149178.0 6590932.0
261594.0 5288604.0
465738.0 8474676.0
106582.0 1187004.0
1883642.0 45548620.0
235734.0 6361260.0
48122.0 4338856.0
1674122.0 96926332.0
246586.0 3911844.0
9574378.0 624138076.0
122574.0 3074496.0
170894.0 1853048.0
2866586.0 114480860.0
312362.0 7157452.0
1504090.0 15727100.0
261534.0 6527116.0
644690.0 15307772.0
1453802.0 22689644.0
195042.0 6876504.0
69234.0 4368660.0
1089706.0 95456476.0
521722.0 33654500.0
382306.0 27672420.0
231858.0 7197100.0
470386.0 30270148.0
159298.0 3148092.0
471962.0 14072860.0
932698.0 41500636.0
2661386.0 202144572.0
367954.0 15690444.0
80750.0 3933704.0
342314.0 6047532.0
33518.0 778268.0
733882.0 14596476.0
52726.0 782636.0
763154.0 40979364.0
5694666.0 784513276.0
444026.0 13608348.0
4682538.0 469020764.0
751706.0 14223676.0
109902.0 7629532.0
112358.0 2232932.0
232522.0 18103652.0
371194.0 8834796.0
36838.0 6090384.0
118374.0 3706224.0
809098.0 21872180.0
23394442.0 413001788.0
144782.0 2297956.0
1216010.0 119669564.0
537186.0 30269732.0
52774.0 1079628.0
3468778.0 62970636.0
171170.0 3171708.0
1148426.0 32711068.0
400098.0 11612500.0
1386586.0 53282732.0
197418.0 15466292.0
2085226.0 70830732.0
276326.0 9349320.0
134138.0 4710048.0
546514.0 25726660.0
254762.0 6864756.0
259642.0 10589836.0
113370.0 30642732.0
906986.0 9820332.0
1909274.0 24267244.0
183502.0 6206396.0
1297450.0 52529004.0
129794.0 5447324.0
48938.0 775184.0
288034.0 5763884.0
328730.0 34628156.0
146562.0 3851172.0
60182.0 853068.0
224538.0 13578188.0
1187946.0 52310220.0
44966.0 1117204.0
1983338.0 33846060.0
61886.0 6376908.0
78746.0 4307384.0
1064146.0 45511268.0
107794.0 6749068.0
136770.0 10775100.0
76770.0 1153384.0
558330.0 19668892.0
94142.0 1605948.0
28466.0 2046440.0
14585098.0 146505340.0
4552490.0 58278652.0
133998.0 2383964.0
184882.0 13499276.0
1284746.0 152297916.0
68430.0 6871024.0
152310.0 6839016.0
43794.0 3735208.0
972474.0 26756564.0
51094.0 5521652.0
266378.0 7081952.0
46646.0 3740812.0
250386.0 13322100.0
317658.0 34779980.0
301634.0 15958188.0
338058.0 21005932.0
35678.0 6253812.0
640770.0 6529004.0
2046906.0 136184460.0
189694.0 7789340.0
975882.0 24795300.0
79982.0 4943156.0
925642.0 46439076.0
64398538.0 1261863612.0
91246.0 7849524.0
45542.0 768292.0
262154.0 30669772.0
707106.0 14134292.0
2750666.0 35517932.0
502218.0 6191508.0
89862.0 2085808.0
4529194.0 183393708.0
374826.0 8757308.0
65658.0 2886684.0
3651322.0 86374828.0
301606.0 6442388.0
1809322.0 23400300.0
31818826.0 842895228.0
326178.0 24438172.0
85962.0 5017712.0
6966250.0 302062876.0
268186.0 6490040.0
854122.0 9937100.0
388226.0 20559172.0
83398.0 3042580.0
345698.0 27599396.0
186698.0 4658052.0
10264042.0 525007612.0
8062954.0 212944412.0
56394.0 9079220.0
2952362.0 35098284.0
1610810.0 138488444.0
1090858.0 22510492.0
7959626.0 178068828.0
790186.0 51514764.0
138082.0 2581420.0
141982.0 1701628.0
81618.0 6972372.0
36592650.0 956179196.0
12218858.0 383760956.0
44785738.0 1795097148.0
1520714.0 66556684.0
48082.0 6112756.0
759698.0 36424860.0
7245034.0 429782332.0
70338250.0 2537492540.0
346042.0 18002916.0
41724490.0 548358332.0
107342.0 5838468.0
657818.0 8859044.0
11750858.0 797494396.0
13378890.0 1056937020.0
187074.0 13560108.0
16660746.0 911424764.0
64310.0 10199872.0
3876778.0 98300460.0
116158.0 4382268.0
8661930.0 425253468.0
861050.0 41357772.0
597898.0 15499780.0
515874.0 31177236.0
793514.0 17654540.0
3106282.0 55179196.0
793610.0 31467084.0
934842.0 21770908.0
1380794.0 44695244.0
56286.0 2867672.0
5284394.0 324686652.0
1566346.0 15955308.0
243098.0 12278032.0
3643834.0 63319708.0
22365450.0 1858323772.0
1575434.0 120494620.0
229262.0 10960112.0
106110.0 6394164.0
20583818.0 233214844.0
2577354.0 227969500.0
273898.0 15502564.0
94554.0 6797796.0
591418.0 22041508.0
242426.0 35390404.0
201842.0 13996900.0
257114.0 10923572.0
87426.0 6128632.0
3639306.0 37595100.0
100590.0 3123252.0
172254.0 9615300.0
207098.0 9211156.0
48764874.0 979848380.0
4354506.0 252487740.0
185610.0 24566908.0
95414.0 1217924.0
1209818.0 92966236.0
134102.0 9064880.0
153978.0 15662964.0
1319834.0 44421484.0
3449946.0 97245116.0
644210.0 30617444.0
20488074.0 632281660.0
15990474.0 415362396.0
28299274.0 2170005884.0
18629834.0 497990396.0
15755146.0 3127664188.0
20197514.0 1534325052.0
161298.0 8835376.0
2187498.0 136466108.0
4580426.0 417723132.0
44269002.0 2490991100.0
2133466.0 43717468.0
149490.0 10800524.0
164806.0 10477988.0
9442954.0 237493852.0
233826.0 23411788.0
1629242.0 42709980.0
13351370.0 1174403068.0
63232522.0 1620395580.0
28240010.0 2062868092.0
1038474.0 15205516.0
7079434.0 321156444.0
6141898.0 473686140.0
326638.0 13782568.0
6354826.0 61677084.0
2657802.0 98894524.0
49536394.0 2831105148.0
417386.0 79008076.0
4565962.0 104298396.0
64478474.0 1653405308.0
58090.0 5955720.0
91630.0 1694272.0
6565034.0 383991964.0
11381450.0 241371164.0
15442506.0 336263996.0
160798.0 6160908.0
1159818.0 53046876.0
260202.0 9317140.0
606162.0 8967964.0
781346.0 21345588.0
2953930.0 47842012.0
11143498.0 306382812.0
3998058.0 125502268.0
882602.0 39669588.0
13374026.0 681292540.0
633962.0 86308764.0
1091258.0 26592204.0
3516298.0 121852124.0
33189834.0 2736068988.0
407762.0 7548396.0
133158.0 3896532.0
243490.0 17797676.0
15856074.0 2434167548.0
11689098.0 2753884028.0
3190842.0 96928028.0
570858.0 67552044.0
3349162.0 79518524.0
339530.0 23522164.0
45085386.0 868617852.0
1172362.0 40910492.0
16590794.0 1480585084.0
32486922.0 529881340.0
25722314.0 1289629820.0
366506.0 29446180.0
369346.0 23330380.0
33234378.0 2798500796.0
892938.0 31115820.0
413530.0 8834588.0
333546.0 28398548.0
67270.0 8278376.0
11231050.0 486829372.0
122570.0 1662632.0
192778.0 9351828.0
12877834.0 143264220.0
3257130.0 159946876.0
17728842.0 1361690044.0
903274.0 96766460.0
65550794.0 3158047484.0
1298314.0 59828524.0
13842570.0 532163356.0
25967050.0 1878940668.0
48257930.0 561426556.0
4138506.0 81096572.0
55634314.0 2117653756.0
14047434.0 1160423484.0
2261770.0 198646236.0
250890.0 21493988.0
298418.0 7129668.0
8727626.0 2129466812.0
400858.0 20584828.0
166470.0 4099188.0
1576634.0 33297292.0
1024346.0 52776140.0
17614474.0 232041724.0
