798386.0 20056180
182858.0 34044716
64782.0 8221376
879898.0 86800716
77514.0 3802648
3850410.0 116447948
42625162.0 1052666812
1182010.0 22145852
2448810.0 122239004
24121546.0 1692159036
27686.0 1923296
893650.0 45170228
149178.0 6590932
10359786.0 238988796
246586.0 3911844
312362.0 7157452
465738.0 8474676
16484170.0 676985788
521722.0 33654500
2866586.0 114480860
122574.0 3074496
106582.0 1187004
5694666.0 784513276
36838.0 6090384
751706.0 14223676
52726.0 782636
80750.0 3933704
232522.0 18103652
809098.0 21872180
129794.0 5447324
52774.0 1079628
60182.0 853068
61886.0 6376908
1148426.0 32711068
170894.0 1853048
107794.0 6749068
1983338.0 33846060
134138.0 4710048
68430.0 6871024
288034.0 5763884
328730.0 34628156
146562.0 3851172
94142.0 1605948
91246.0 7849524
371194.0 8834796
400098.0 11612500
262154.0 30669772
342314.0 6047532
45542.0 768292
89862.0 2085808
107066.0 7490892
39645194.0 2429318972
48938.0 775184
102682.0 6939420
77582.0 6171600
76770.0 1153384
733882.0 14596476
631490.0 22121612
326178.0 24438172
221506.0 22638500
109902.0 7629532
306978.0 15968732
1285354.0 97248444
159298.0 3148092
85962.0 5017712
112358.0 2232932
154966.0 6844216
967562.0 155370332
2046906.0 136184460
3239978.0 121298172
186698.0 4658052
36592650.0 956179196
665386.0 31745900
6966250.0 302062876
1520714.0 66556684
34502.0 3841504
31288842.0 2466495036
30707210.0 1876072636
295958.0 9184188
2600010.0 55507964
113370.0 30642732
7959626.0 178068828
235734.0 6361260
63102.0 2077700
59056842.0 1863006396
471962.0 14072860
793514.0 17654540
1674122.0 96926332
4238570.0 136037548
56390.0 3885072
69234.0 4368660
222962.0 49615156
4682538.0 469020764
141982.0 1701628
4765354.0 614519516
10264042.0 525007612
268186.0 6490040
4552490.0 58278652
415946.0 13552268
391946.0 30929516
79982.0 4943156
53679434.0 751381692
2143210.0 97865244
329334.0 10806732
25415242.0 2118802300
854122.0 9937100
975882.0 24795300
65658.0 2886684
197418.0 15466292
8512426.0 276996284
107342.0 5838468
1909274.0 24267244
138082.0 2581420
470386.0 30270148
36426250.0 1898521532
790186.0 51514764
44785738.0 1795097148
1014458.0 93615804
2133466.0 43717468
51094.0 5521652
1927274.0 173952988
1236602.0 10479772
100590.0 3123252
201842.0 13996900
44966.0 1117204
82986.0 1677036
195042.0 6876504
657818.0 8859044
233826.0 23411788
22478730.0 1361842492
14235498.0 619781020
423298.0 25635604
640770.0 6529004
1322106.0 87684588
345698.0 27599396
64398538.0 1261863612
3032202.0 122866780
883082.0 30629060
63232522.0 1620395580
462778.0 6288332
644690.0 15307772
6510090.0 1718551548
33518.0 778268
231858.0 7197100
22365450.0 1858323772
133998.0 2383964
203326.0 4078956
15755146.0 3127664188
164806.0 10477988
1297450.0 52529004
1038474.0 15205516
260202.0 9317140
134102.0 9064880
975674.0 40333452
144782.0 2297956
95414.0 1217924
64478474.0 1653405308
425618.0 8944004
1658170.0 82388332
591418.0 22041508
91630.0 1694272
1125618.0 20710644
19489994.0 917083580
52254730.0 986827516
183502.0 6206396
58090.0 5955720
207098.0 9211156
106110.0 6394164
1234162.0 31663364
44269002.0 2490991100
3468778.0 62970636
338058.0 21005932
1629242.0 42709980
13278282.0 390853468
4078842.0 105136636
136770.0 10775100
124562.0 5032192
266378.0 7081952
3643834.0 63319708
502218.0 6191508
43794.0 3735208
537186.0 30269732
707106.0 14134292
11689098.0 2753884028
192778.0 9351828
64820746.0 2860144380
444026.0 13608348
48082.0 6112756
46646.0 3740812
116158.0 4382268
781346.0 21345588
892938.0 31115820
257114.0 10923572
149490.0 10800524
9574378.0 624138076
367954.0 15690444
1576634.0 33297292
558330.0 19668892
793610.0 31467084
906986.0 9820332
