-0.32988764104308127
-0.30128056880943105
-0.3535572490430813
-0.4726885782138519
-0.45409470833921817
-0.1371041050430813
10000000000.0
-0.7075582990040741
-0.22415198847855758
10000000000.0
-0.43377341152144244
-0.6734095606893005
-0.37095813649233433
10000000000.0
-0.6026263205115432
-0.5941750921948394
-0.37321065130448144
10000000000.0
-0.7031610052738189
-0.505808285941391
-0.3740710099359589
-0.5835759821533126
10000000000.0
-0.6089092328678436
-0.4149126443784218
-0.38348472825033947
-0.449282592333786
-0.5367226952322921
-0.32625564104308125
-0.3591053530430813
-0.7097207484059753
-0.36829386504308126
-0.36494618500135806
-0.6307778533188476
-0.3662939050430813
-0.3565018650430813
-0.6317978728569793
-0.3604399026732006
-0.45992795034775924
-0.3570722302059002
-0.2973136883504753
-0.6729576534632263
-0.5916980997942962
-0.3543009530430813
-0.3596804082920627
-0.7606150125503539
-0.6976504755598602
-0.6851549326621399
-0.4495934187370453
-0.3658283850430813
-0.3542482144395504
10000000000.0
-0.446009636889965
-0.46483114978614803
-0.42688679948263164
-0.36769323304308127
-0.6810070656906586
-0.6681267782697449
-0.7009436559332427
-0.5256229961614609
-0.3547409370430813
-0.6735025565612183
-0.5609231232819671
-0.42320381766893
-0.3687845750987777
-0.7483641347316131
-0.5045015585204773
10000000000.0
-0.41263108834465023
-0.19054365670095064
-0.37069389438113787
10000000000.0
-0.4037382040721893
10000000000.0
-0.23688663304308127
-0.48397698195304106
10000000000.0
10000000000.0
-0.772541641490387
-0.2589140718581409
-0.5082145293242797
10000000000.0
-0.3644174819526481
-0.5402145955940246
10000000000.0
-0.34178427985814086
-0.3346909210430813
-0.17614733704308128
-0.3676349071375885
-0.5921098629093704
-0.3612626810430813
-0.2707696890430813
10000000000.0
-0.5861167424312057
10000000000.0
10000000000.0
-0.3570199210430813
-0.25344269704308126
-0.4622454670040741
-0.7287009691348725
-0.7066137080271606
10000000000.0
-0.17426951304308128
-0.7560665277221069
10000000000.0
-0.5526357921226501
-0.470559402837181
-0.5604366217861481
-0.3390674170430813
10000000000.0
-0.6425930632656708
-0.3274155094548816
-0.3648371610430813
-0.3094597050430813
10000000000.0
-0.3530704754213066
10000000000.0
-0.18276839304308126
-0.28256506504308126
-0.6948167028092346
10000000000.0
-0.3490404570430813
-0.3637534970430813
-0.3655261975967407
-0.4220855894298477
-0.37882592660644343
-0.6925269850572509
-0.4042219108651276
-0.3231764250430813
10000000000.0
10000000000.0
-0.4903687935354156
-0.36786199013914295
-0.3519908341470947
-0.39614120386105345
10000000000.0
-0.1265764384228611
-0.33954187566078187
10000000000.0
-0.6393833274550781
-0.3963644567343292
10000000000.0
-0.3684434650430813
-0.38171579971628183
10000000000.0
-0.3652320730430813
-0.3653420857052212
10000000000.0
-0.3581440226231327
-0.5986319725068969
-0.7640689520450286
-0.4782757258078766
-0.35446023794721604
-0.5310431049788437
-0.37856408754938886
-0.3992741526341934
10000000000.0
-0.7852719978078766
-0.575313348550354
-0.32591698504308125
-0.3666114570430813
-0.3285787130430813
10000000000.0
10000000000.0
-0.44074720337706375
-0.6731585799604034
-0.3832876886341934
-0.7736416553774565
-0.6834132615191193
10000000000.0
-0.46322873093731687
-0.4273181338971481
-0.30145003976634976
10000000000.0
-0.342426729001358
-0.35026980055909157
-0.35993561704308125
-0.3558360970430813
-0.6908705928119506
-0.783216987004074
-0.4560495878552284
-0.5779805294244156
-0.40627141953813173
10000000000.0
-0.53616635044207
10000000000.0
-0.6913832969904938
-0.5938144948759918
-0.37637837696797943
-0.7598154477112427
-0.6115088116499175
-0.3076983598581409
-0.6197528598385391
-0.3521789544449825
10000000000.0
-0.37858911685658647
-0.7234754192711028
-0.3306622170430813
-0.42515583453677364
-0.7030193351321563
-0.7574452147766417
-0.3095688211294403
-0.26537956104308125
10000000000.0
-0.788749373118576
-0.659203266825531
-0.41859127683989716
10000000000.0
-0.400508711833107
-0.5001348626873703
-0.5415046480225143
-0.5484697865367737
-0.4512118388542633
-0.6859306478447571
10000000000.0
-0.742054853217926
-0.30027476104308126
-0.40427704853405755
-0.3715757663561039
-0.4124277173964691
-0.4780527578303909
-0.4532565840834465
10000000000.0
-0.7670907189427489
-0.3270120250430813
-0.37340155571084976
10000000000.0
-0.2906608250430813
-0.3514583770430813
-0.1841375302280216
-0.4152608211461296
-0.2537485342976913
-0.25964160904308126
-0.3650493976468086
10000000000.0
-0.4445219652462654
-0.3433558010430813
10000000000.0
-0.31681559304308127
-0.48209027719619746
-0.36210485900989914
-0.5332179414966048
-0.40654014060624694
-0.5702994063419342
-0.3399429039499321
-0.4880859066928024
-0.5123502635101852
10000000000.0
-0.5928332398331069
-0.763944418213852
-0.5604597787370453
-0.7672353806621399
-0.599203208667572
-0.3631300252767315
-0.6824570346485596
-0.6459768648569794
-0.3454439370430813
10000000000.0
-0.7352247433432921
-0.30876511304308124
-0.533151249713173
-0.2311881050430813
-0.3683568650430813
-0.5261022777193909
-0.36503960904308125
-0.3651616245507469
-0.44244567737395474
10000000000.0
-0.37043043589443203
-0.440677464166893
-0.28122703422802164
-0.7506581980857696
-0.18598708051736831
-0.36220693704308127
10000000000.0
