None 
0.6273000240325928
0.22100000083446503
None 
0.31279999017715454
0.10000000149011612
None 
0.3686999976634979
None 
None 
None 
0.10000000149011612
0.24549999833106995
0.10000000149011612
0.620199978351593
0.32989999651908875
0.5357999801635742
0.20669999718666077
0.3578000068664551
0.10000000149011612
0.2021999955177307
0.10509999841451645
0.12070000171661377
0.5364999771118164
0.10890000313520432
0.6431999802589417
0.5454999804496765
0.412200003862381
0.4659999907016754
0.5383999943733215
0.3440000116825104
0.5565000176429749
0.3057999908924103
0.09939999878406525
0.4575999975204468
0.12300000339746475
0.10750000178813934
0.4153999984264374
0.7128000259399414
0.5641000270843506
0.15469999611377716
0.10000000149011612
0.5525000095367432
0.1859000027179718
0.10000000149011612
0.3357999920845032
0.18639999628067017
0.18029999732971191
0.10000000149011612
0.1039000004529953
0.2971999943256378
0.10000000149011612
0.2888999879360199
0.3458999991416931
None 
0.10000000149011612
0.1462000012397766
0.10000000149011612
None 
0.4526999890804291
0.4050999879837036
0.545799970626831
0.4675999879837036
0.19979999959468842
0.550000011920929
0.10000000149011612
0.20960000157356262
0.6486999988555908
0.10000000149011612
0.6258999705314636
0.09749999642372131
0.4726000130176544
0.314300000667572
0.36149999499320984
0.22030000388622284
0.11089999973773956
None 
0.44119998812675476
0.10100000351667404
0.10270000249147415
0.39329999685287476
None 
0.18950000405311584
0.6765999794006348
0.11079999804496765
0.10000000149011612
0.49300000071525574
None 
None 
0.14100000262260437
0.4514000117778778
0.1080000028014183
0.42969998717308044
None 
None 
0.5281999707221985
None 
0.10000000149011612
0.598800003528595
0.6816999912261963
0.6588000059127808
None 
0.4390999972820282
0.1306000053882599
0.3644999861717224
0.10000000149011612
0.6067000031471252
0.2296999990940094
0.49320000410079956
None 
0.2678000032901764
0.11509999632835388
0.21699999272823334
0.11129999905824661
0.10000000149011612
0.10000000149011612
0.7347000241279602
0.10000000149011612
0.1152999997138977
0.18690000474452972
0.6159999966621399
None 
None 
0.27149999141693115
None 
0.10000000149011612
0.10000000149011612
0.11320000141859055
None 
0.1826000064611435
0.14910000562667847
0.10000000149011612
0.6870999932289124
0.2904999852180481
0.2378000020980835
0.4429999887943268
0.11829999834299088
0.11169999837875366
0.10000000149011612
None 
None 
0.6337000131607056
0.7019000053405762
None 
0.5005999803543091
0.10000000149011612
0.6240000128746033
0.09989999979734421
0.7182000279426575
0.10000000149011612
0.3156000077724457
0.2273000031709671
0.5157999992370605
0.35690000653266907
0.10000000149011612
None 
None 
None 
0.1923999935388565
0.5497999787330627
0.7175999879837036
0.47859999537467957
None 
0.6944000124931335
None 
0.11339999735355377
0.7332000136375427
0.3000999987125397
0.17659999430179596
0.11599999666213989
None 
0.5685999989509583
0.3871000111103058
0.35040000081062317
None 
None 
0.22349999845027924
None 
0.09969999641180038
0.10000000149011612
0.5242000222206116
0.30169999599456787
None 
None 
None 
0.666100025177002
0.10000000149011612
0.1428000032901764
0.14309999346733093
0.2759999930858612
0.3264999985694885
0.5306000113487244
0.21289999783039093
0.10000000149011612
None 
None 
0.6764000058174133
0.10000000149011612
0.5273000001907349
0.10000000149011612
