25861834.0 929824956.0
1930218.0 337104796.0
54990.0 4497348.0
26151434.0 1499704508.0
667962.0 86659724.0
1028170.0 95334332.0
1070138.0 81212620.0
111438.0 3098548.0
130502.0 4545608.0
10069418.0 173570812.0
565770.0 40048692.0
3276058.0 62585180.0
198530.0 8489636.0
123070.0 3121748.0
6509418.0 231289724.0
13659690.0 698557084.0
2830490.0 78295628.0
3586330.0 63204604.0
3220250.0 101524044.0
83502.0 1584732.0
4700458.0 438652668.0
299034.0 8690268.0
1876186.0 157553164.0
1144250.0 106154540.0
138174.0 3077848.0
2798490.0 61629468.0
270022.0 6493820.0
857450.0 57915852.0
4170186.0 123427580.0
51570.0 4345904.0
2182906.0 60398940.0
271194.0 9055360.0
500986.0 94579180.0
3965258.0 62999468.0
364466.0 8272508.0
8316234.0 66935964.0
2872602.0 159179948.0
8423882.0 166945020.0
588746.0 22036180.0
156218.0 28217668.0
608730.0 39600044.0
160542.0 7655972.0
4169866.0 205560092.0
742458.0 74120300.0
295106.0 5953460.0
1327194.0 119457900.0
193626.0 8395644.0
191218.0 13568396.0
299526.0 8142912.0
350058.0 8928524.0
163002.0 20580708.0
525746.0 11539004.0
15522442.0 495412220.0
1267610.0 33118412.0
57540234.0 2167131324.0
58646.0 1985040.0
1676170.0 69761420.0
838554.0 26086444.0
1473450.0 33089948.0
1066314.0 58165612.0
695306.0 29294916.0
527322.0 28628468.0
4244602.0 80020988.0
261130.0 20422540.0
8209674.0 895458300.0
78598.0 1157060.0
1118074.0 79430796.0
878554.0 9898940.0
509626.0 28592884.0
167666.0 17646316.0
38422.0 2952804.0
93978.0 5878296.0
235346.0 2819084.0
17489034.0 1167302908.0
4073642.0 416078428.0
52247562.0 882940092.0
149406.0 4022796.0
7013674.0 167460092.0
984490.0 22417852.0
17925642.0 638407772.0
1901770.0 80998588.0
74666.0 1123480.0
870170.0 32053612.0
344466.0 49659668.0
588098.0 11585500.0
4080330.0 138913052.0
3390426.0 124285100.0
12537610.0 246839260.0
20080906.0 1256774908.0
105706.0 6744988.0
788434.0 50547204.0
229770.0 6349384.0
1295546.0 41674708.0
163850.0 6860860.0
1008426.0 34627284.0
4536858.0 99620668.0
868074.0 51670636.0
608506.0 29271796.0
1789578.0 195634332.0
864426.0 40111804.0
725442.0 25378556.0
250058.0 24758220.0
1573114.0 65053196.0
134218.0 2276640.0
353402.0 18219956.0
354774.0 6662972.0
2648458.0 102276972.0
230306.0 14563260.0
74050.0 8156844.0
362330.0 11226852.0
271218.0 7151908.0
856882.0 39618252.0
288986.0 27643628.0
1749818.0 96777260.0
588426.0 6363828.0
279478.0 9355440.0
582586.0 8989268.0
72915018.0 2876331196.0
28698634.0 521762556.0
51653770.0 2833811964.0
14985866.0 147116028.0
3030282.0 372265020.0
1082154.0 31359276.0
11012522.0 451276220.0
12394826.0 1475470396.0
40750.0 2033100.0
174242.0 16784476.0
168938.0 5757088.0
391562.0 16137828.0
31702.0 6080208.0
109698.0 7763428.0
118246.0 2991744.0
10558538.0 217935036.0
12648586.0 389192348.0
115434.0 7742632.0
292322.0 19137124.0
15015466.0 413412604.0
422778.0 6208268.0
90198.0 2528400.0
920810.0 32255836.0
1148834.0 40201676.0
175374.0 6041156.0
4030986.0 38473372.0
326898.0 8409340.0
76082442.0 1965753660.0
70654858.0 1010370812.0
1376218.0 97915020.0
10818762.0 612945404.0
278890.0 16993524.0
2604890.0 122012780.0
54842762.0 2161739836.0
3878586.0 204977516.0
6996362.0 397373148.0
1848298.0 81868428.0
90814.0 4424060.0
2088746.0 24078956.0
3837354.0 598986076.0
2243962.0 121291052.0
121986.0 6977868.0
1161338.0 15042204.0
128538.0 11675052.0
35532746.0 1061454012.0
58202.0 2871508.0
504986.0 27917932.0
937178.0 26811940.0
50734.0 4192708.0
9635978.0 535618300.0
47354.0 2046408.0
136174.0 5691540.0
275506.0 4108556.0
21042058.0 1856743740.0
1098154.0 32077724.0
215766.0 8187704.0
787210.0 9716844.0
308410.0 10780012.0
57758.0 8124296.0
15137930.0 3057228476.0
5174634.0 315254812.0
17233066.0 705703836.0
268746.0 8293428.0
3993418.0 157043628.0
3579434.0 233458556.0
54354.0 6290904.0
19629258.0 1862771836.0
10887690.0 676317884.0
1092794.0 15313148.0
929018.0 14680732.0
69470.0 2893944.0
2003370.0 536365244.0
479370.0 6145748.0
35125898.0 1714168572.0
37283850.0 957561724.0
11023242.0 1052225660.0
680634.0 58358300.0
2440810.0 77515708.0
39057994.0 2808619324.0
1808426.0 81789516.0
38029898.0 1901734012.0
242026.0 6437888.0
7180490.0 454496540.0
186194.0 7105980.0
3593130.0 609742076.0
15246730.0 808944316.0
121802.0 4544864.0
455010.0 17345724.0
56520842.0 1260740284.0
1707050.0 120757340.0
27948810.0 1699813884.0
3764698.0 86601516.0
99762.0 2954580.0
182778.0 9162380.0
87014.0 7371576.0
1217362.0 35044940.0
4170634.0 87412604.0
3164586.0 36471100.0
8362058.0 277505564.0
49474.0 4341464.0
742746.0 51419836.0
975658.0 10092940.0
571610.0 4700212.0
268714.0 23129188.0
124862.0 5668940.0
1936074.0 157672956.0
3013418.0 26476796.0
115042.0 3699548.0
1060906.0 80293964.0
1234746.0 10475708.0
229226.0 6750884.0
8410090.0 134052476.0
453778.0 11316988.0
24397322.0 508443324.0
53072714.0 1851041084.0
623610.0 40699292.0
133318.0 12058124.0
24851914.0 1574156860.0
81582.0 1162844.0
1467066.0 156368908.0
1417834.0 199327452.0
2851290.0 114751004.0
89642.0 6133056.0
37418826.0 836206844.0
17332042.0 151459004.0
16513674.0 497389948.0
201670.0 11726120.0
320450.0 16598964.0
493138.0 24771932.0
188266.0 9342860.0
2721834.0 120261948.0
157638.0 4757204.0
4199690.0 423693084.0
57502.0 9081496.0
93374.0 2424680.0
211442.0 9388996.0
139942.0 3909860.0
4317514.0 234934684.0
289266.0 23881852.0
3684714.0 204295580.0
58996810.0 2520448508.0
600586.0 42982812.0
139430.0 9549684.0
3295578.0 160392428.0
1092402.0 34795532.0
76134.0 5638204.0
67068298.0 2864638332.0
719986.0 25635476.0
801402.0 15621204.0
521418.0 8798404.0
