9240970.0 278956252
2059786.0 94465484
2647402.0 67201852
35968650.0 1886596540
329962.0 8203188
2253290.0 101736524
4084666.0 156892956
193290.0 5750020
17276586.0 722339836
14923338.0 2760350140
25861834.0 929824956
130502.0 4545608
54990.0 4497348
1070138.0 81212620
1028170.0 95334332
51570.0 4345904
2182906.0 60398940
588746.0 22036180
874122.0 96425372
667962.0 86659724
83502.0 1584732
299034.0 8690268
271194.0 9055360
731866.0 64979292
154234.0 5496500
1401306.0 33216652
533242.0 62973740
749258.0 14218092
980458.0 10102636
69022.0 1165204
48190.0 1123660
667322.0 21117372
58646.0 1985040
270022.0 6493820
1247898.0 32376028
78598.0 1157060
235346.0 2819084
38422.0 2952804
8316234.0 66935964
74666.0 1123480
295106.0 5953460
138174.0 3077848
149406.0 4022796
193626.0 8395644
93978.0 5878296
111438.0 3098548
75362.0 1177840
64182.0 2433864
123070.0 3121748
695306.0 29294916
588426.0 6363828
105706.0 6744988
6554954.0 130344412
163850.0 6860860
7013674.0 167460092
61506.0 822024
168938.0 5757088
362330.0 11226852
4396682.0 541150108
1037674.0 52802332
126946.0 3083532
250058.0 24758220
1131242.0 27073956
153098.0 20636588
174242.0 16784476
1295546.0 41674708
300282.0 22795932
367682.0 4344588
1236586.0 43430604
1144250.0 106154540
3220250.0 101524044
134218.0 2276640
150034.0 6253848
40750.0 2033100
856882.0 39618252
608506.0 29271796
17489034.0 1167302908
113194.0 5850152
590522.0 25672780
52558.0 1586256
278890.0 16993524
28698634.0 521762556
50922.0 7299668
967018.0 40316588
198530.0 8489636
326898.0 8409340
187314.0 8130492
4953322.0 417836764
4169866.0 205560092
1573114.0 65053196
275946.0 38934956
271218.0 7151908
56990.0 3761484
19041546.0 497735356
3419050.0 256880444
121986.0 6977868
17925642.0 638407772
4030986.0 38473372
184430.0 7703692
275506.0 4108556
229770.0 6349384
54842762.0 2161739836
215766.0 8187704
608730.0 39600044
59514.0 829984
1118074.0 79430796
1749818.0 96777260
391562.0 16137828
58202.0 2871508
5174634.0 315254812
2798490.0 61629468
54354.0 6290904
2604890.0 122012780
787210.0 9716844
248130.0 2800940
4170186.0 123427580
998922.0 52506908
299526.0 8142912
1092026.0 14902780
1327194.0 119457900
160542.0 7655972
25288842.0 1874089916
1876186.0 157553164
167666.0 17646316
10069418.0 173570812
984490.0 22417852
90198.0 2528400
50734.0 4192708
76082442.0 1965753660
479370.0 6145748
940730.0 41333964
920810.0 32255836
868074.0 51670636
1901770.0 80998588
1092794.0 15313148
242026.0 6437888
1082154.0 31359276
175374.0 6041156
1045890.0 26287172
15522442.0 495412220
8423882.0 166945020
353402.0 18219956
74050.0 8156844
17119178.0 405706812
455010.0 17345724
47354.0 2046408
715242.0 31311724
121802.0 4544864
288986.0 27643628
109698.0 7763428
571610.0 4700212
3764698.0 86601516
277858.0 7288892
354774.0 6662972
3390426.0 124285100
26484682.0 1528304124
27948810.0 1699813884
10887690.0 676317884
44214.0 1569744
118246.0 2991744
230306.0 14563260
1848298.0 81868428
15137930.0 3057228476
136174.0 5691540
56569482.0 2515594812
504986.0 27917932
929018.0 14680732
374058.0 5935220
422778.0 6208268
3111722.0 79042844
24545226.0 2395266492
268746.0 8293428
527322.0 28628468
96378.0 2498220
4700458.0 438652668
19629258.0 1862771836
2243962.0 121291052
4243850.0 341734460
81582.0 1162844
289266.0 23881852
182778.0 9162380
320450.0 16598964
4199690.0 423693084
8717418.0 477757532
3477578.0 422248924
1060906.0 80293964
838554.0 26086444
292322.0 19137124
124862.0 5668940
93374.0 2424680
50818.0 812720
201670.0 11726120
364466.0 8272508
57502.0 9081496
2872602.0 159179948
3837354.0 598986076
1234746.0 10475708
292506.0 16057172
1066314.0 58165612
157638.0 4757204
188266.0 9342860
38029898.0 1901734012
186194.0 7105980
31702.0 6080208
125570.0 13380676
1473450.0 33089948
261130.0 20422540
1161338.0 15042204
10558538.0 217935036
139942.0 3909860
12394826.0 1475470396
268714.0 23129188
582586.0 8989268
4073642.0 416078428
525746.0 11539004
8410090.0 134052476
1417834.0 199327452
801402.0 15621204
56257930.0 3141057852
719986.0 25635476
3579434.0 233458556
521418.0 8798404
37283850.0 957561724
4836522.0 345504636
725442.0 25378556
742746.0 51419836
588098.0 11585500
11023242.0 1052225660
2721834.0 120261948
1148834.0 40201676
99762.0 2954580
203234.0 8919256
742458.0 74120300
565770.0 40048692
12537610.0 246839260
3276058.0 62585180
3164586.0 36471100
3593130.0 609742076
35234826.0 1101649916
308410.0 10780012
17212106.0 904165436
90814.0 4424060
1217362.0 35044940
103074.0 24995764
35125898.0 1714168572
24397322.0 508443324
54198922.0 2176365116
1808426.0 81789516
1267610.0 33118412
173578.0 6702404
3993418.0 157043628
1997450.0 76628732
311658.0 21011556
220794.0 24699756
2088746.0 24078956
4170634.0 87412604
3878586.0 204977516
57540234.0 2167131324
69470.0 2893944
2003370.0 536365244
3013418.0 26476796
46894.0 1999640
1376218.0 97915020
493138.0 24771932
115434.0 7742632
14985866.0 147116028
93770.0 4932128
2851290.0 114751004
57758.0 8124296
156218.0 28217668
133318.0 12058124
108534.0 7414880
1710474.0 95006028
163002.0 20580708
450810.0 117705516
