10000000000.0
-0.5501790488228149
-0.3202962965841255
10000000000.0
-0.5025536171240081
-0.1665269530430813
10000000000.0
-0.5465899583644485
10000000000.0
10000000000.0
10000000000.0
-0.36090878504308127
-0.4628553028317489
-0.20757476104308126
-0.5434713208461152
-0.5222381895633621
-0.5542621061145019
-0.4006176380306625
-0.35760926080651856
-0.1966805530430813
-0.43837053286241145
-0.3561894628901615
-0.36637928120162966
-0.5455913999782714
-0.36523700219464295
-0.6838066821812591
-0.5559025063147736
-0.5601038187036667
-0.6059947214911727
-0.674549588061325
-0.5385526881777573
-0.6473152683500824
-0.5100899136246873
-0.35659235914884563
-0.5555679422643127
-0.3837858823782253
-0.36961183325169755
-0.5848743908985061
-0.6650880901579589
-0.6926230589590454
-0.396383077279644
-0.3638443050430813
-0.6787044146757202
-0.41333871390258026
-0.3582434090430813
-0.5288628984591521
-0.42812431739646906
-0.4213422701307983
-0.36375650504308127
-0.3141401683170967
-0.49531234002794644
-0.35651002504308127
-0.24154116755521393
-0.5284082793991851
10000000000.0
-0.3683559530430813
-0.3908258248678436
-0.34754629704308126
10000000000.0
-0.5112853283563004
-0.5774029275885926
-0.6325435394387817
-0.5731720795885925
-0.39858682371628185
-0.6514310563446503
-0.2866505850430813
-0.40112813710149386
-0.7454008231989135
-0.28313879304308126
-0.5258208993720246
-0.1652019094966049
-0.626266729112358
-0.5075023044673004
-0.5489837964952469
-0.37497349872035596
-0.3190864078164177
10000000000.0
-0.5971396876887283
-0.3193544424616718
-0.36871748974403185
-0.5413229497970122
10000000000.0
-0.41805066683718106
-0.6929868095804443
-0.36058072663147733
-0.35318132104308125
-0.628839016500679
10000000000.0
10000000000.0
-0.26859360983582303
-0.5381100962445144
-0.3612961859609928
-0.5932670230211563
10000000000.0
10000000000.0
-0.655784243505539
10000000000.0
-0.29305325704308127
-0.7037526184700165
-0.7689728818583373
-0.7484612361389464
10000000000.0
-0.5909945900974196
-0.3122199157717819
-0.5534900223202057
-0.2111384090430813
-0.5311354822029877
-0.42851434336580657
-0.6394969868705597
10000000000.0
-0.36420106630312343
-0.36798818942984773
-0.20787443490976332
-0.3584763113407726
-0.3643981210430813
-0.12314484104308127
-0.7092762008895721
-0.3537141770430813
-0.35090443979972835
-0.1919142033211708
-0.715888053663498
10000000000.0
10000000000.0
-0.4547573619918518
10000000000.0
-0.3251642970430813
-0.3649432010430813
-0.3708545849930134
10000000000.0
-0.41552850852280043
-0.32170207593867495
-0.30548832904308126
-0.6776287232602386
-0.34135281365263365
-0.4358337054686584
-0.5972242161560287
-0.3200914468400936
-0.36610768686512757
-0.3174256570430813
10000000000.0
10000000000.0
-0.7071500972124938
-0.7750163157384033
10000000000.0
-0.6157285382480163
-0.3659071850430813
-0.6741765610122222
-0.36084027185814094
-0.7474527635598602
-0.35447314504308125
-0.511519581440712
-0.2859069702196769
-0.6464822154659424
-0.5365040605728684
-0.12142980104308129
10000000000.0
10000000000.0
10000000000.0
-0.4315405074771996
-0.6788764971131439
-0.7731934715885925
-0.4712831407622756
10000000000.0
-0.7746969287451935
10000000000.0
-0.3235441341474876
-0.7838785455462799
-0.4981995590987778
-0.4112034600112572
-0.2231143096634979
10000000000.0
-0.6814331432656708
-0.513713071777214
-0.5402835605674362
10000000000.0
10000000000.0
-0.21386789491519548
10000000000.0
-0.36746430948826025
-0.3222362970430813
-0.648615255554428
-0.4779920691961975
10000000000.0
10000000000.0
10000000000.0
-0.6056820896239014
-0.31782711304308126
-0.36168575430312344
-0.3888321154271316
-0.4883506351601028
-0.526924558998642
-0.6479677679441069
-0.4324849824812736
-0.3518370090430813
10000000000.0
10000000000.0
-0.7525285880721893
-0.33788565704308127
-0.5527787761335143
-0.3604855930430813
