0.08240000158548355
0.21250000596046448
0.00989999994635582
None 
0.009999999776482582
None 
0.024399999529123306
0.043800000101327896
None 
0.02630000002682209
None 
0.010499999858438969
0.01590000092983246
0.019600000232458115
0.011699999682605267
0.013000000268220901
0.027499999850988388
0.11550000309944153
0.009999999776482582
0.009999999776482582
0.010499999858438969
0.26269999146461487
0.27059999108314514
0.19820000231266022
0.06159999966621399
0.27149999141693115
0.0778999999165535
0.008100000210106373
0.009999999776482582
0.35690000653266907
0.03620000183582306
0.010099999606609344
0.010099999606609344
0.01759999990463257
0.3504999876022339
0.01720000058412552
0.02419999986886978
0.05079999938607216
0.02160000056028366
0.012400000356137753
0.11699999868869781
0.009999999776482582
0.008700000122189522
0.3684999942779541
0.029500000178813934
0.026200000196695328
0.014399999752640724
0.015699999406933784
0.06069999933242798
0.009999999776482582
0.1687999963760376
0.09849999845027924
0.3343999981880188
0.039000000804662704
0.20800000429153442
0.2045000046491623
0.010099999606609344
0.01489999983459711
0.010200000368058681
0.0632999986410141
None 
0.04170000180602074
0.018699999898672104
0.010099999606609344
0.10220000147819519
0.010999999940395355
0.009800000116229057
0.009600000455975533
0.009999999776482582
0.009999999776482582
0.10520000010728836
0.22589999437332153
0.010099999606609344
0.023499999195337296
0.0828000009059906
