54104.0 6401356
1683828.0 74900344
417828.0 14065448
3586084.0 171970968
1152052.0 40375328
5227108.0 202506136
1001620.0 26791352
2333140.0 135419464
26259172.0 1042906392
179492.0 3778416
4052932.0 178205848
1114412.0 34839704
117128.0 6968404
96976.0 1168320
70812.0 10213152
119720.0 6543464
135636.0 11968116
116872.0 1651824
2237396.0 66382920
43560.0 4178928
86596.0 4264940
116140.0 1713784
309844.0 30766120
80972.0 3809772
374484.0 14768000
737500.0 19612984
505716.0 6374584
163028.0 2564048
118548.0 3795584
731036.0 29366808
95624.0 6725324
233684.0 35373712
183892.0 3787232
263672.0 12224168
397260.0 34765456
398092.0 39179776
482180.0 14093928
598212.0 17741152
571444.0 24928960
153956.0 8452024
61924.0 8921080
793316.0 12074080
69656.0 1166912
671804.0 22202584
169192.0 3896804
840196.0 24524304
118524.0 4467696
125656.0 4913024
417348.0 31250552
528876.0 28632088
116308.0 3108684
276180.0 6392068
132900.0 8274696
723180.0 17404512
84352.0 7680912
232548.0 11788032
289116.0 13708240
165244.0 3888984
73088.0 1120592
106732.0 9484660
3406340.0 176530008
180624.0 5549676
561812.0 19583640
34792.0 1551268
739484.0 24681928
201628.0 7137032
61032.0 821312
162716.0 3744712
49752.0 6834100
47980.0 1607192
582604.0 8921304
141136.0 5470556
399180.0 8806512
341212.0 20466208
229084.0 15413176
