-0.3448772891098385
-0.2989493161723251
-0.27879910396244906
10000000000.0
-0.2262493438435378
10000000000.0
-0.26349729567038627
-0.059821072070929515
10000000000.0
-0.31085316801877544
10000000000.0
-0.23767059190090728
-0.2971931926508827
-0.31138336016272067
-0.2877636957778237
-0.29601307218775463
-0.29531376789569186
-0.3775463541696091
-0.17423415984353777
-0.2986421438435378
-0.2988201199009073
-0.48046242602523037
-0.42788775375820154
-0.43112045761886214
-0.31358399976634976
-0.4508240259918518
-0.3417808319415875
-0.30054190414707443
-0.2994088318435378
-0.4910963885728683
-0.3118893532850761
-0.23632257572462653
-0.2994955357246265
-0.2878716639332428
-0.4758190793215637
-0.23368044840888785
-0.2887521439082088
-0.3000776955702505
-0.26526208039219856
-0.2917759522492964
-0.36405783908208844
-0.2828518398435378
-0.3037561760855327
-0.5135448279945678
-0.31285639212516975
-0.2692913921376867
-0.3011446078268485
-0.30116395158485365
-0.27998889553269957
-0.2497358238435378
-0.4119426294632263
-0.3561658629151955
-0.5175306067316131
-0.29249097656326384
-0.430238179004074
-0.41957393925441355
-0.2796535197246265
-0.30265203188421796
-0.30489881625764104
-0.32534067904870984
10000000000.0
-0.3180906492642145
-0.27392271992907047
-0.3039674637246265
-0.3221761450347366
-0.29342593595827676
-0.30521737608136035
-0.2992305763191828
-0.2933317998435378
-0.3037856158435378
-0.35579739207510186
-0.447188884061325
-0.28945697572462653
-0.27551758343673605
-0.3271336486341934
