0.10000000149011612
0.09600000083446503
0.10000000149011612
0.4745999872684479
0.2281000018119812
0.10000000149011612
None 
0.6489999890327454
0.26420000195503235
None 
0.2037000060081482
None 
0.3596999943256378
0.19339999556541443
0.1242000013589859
0.4449999928474426
0.09740000218153
0.4537999927997589
0.10000000149011612
0.10000000149011612
0.10000000149011612
0.6614000201225281
0.10000000149011612
0.10000000149011612
0.10000000149011612
0.21379999816417694
0.5566999912261963
0.10000000149011612
0.10000000149011612
0.19349999725818634
0.12120000272989273
0.6801000237464905
0.20550000667572021
0.10000000149011612
0.10000000149011612
0.10000000149011612
0.10000000149011612
0.2800999879837036
0.24959999322891235
0.10000000149011612
0.1395999938249588
0.3305000066757202
0.10000000149011612
0.21629999577999115
0.6284000277519226
0.274399995803833
0.10000000149011612
0.10000000149011612
0.11050000041723251
0.10000000149011612
0.10000000149011612
0.10000000149011612
0.34850001335144043
0.6815000176429749
0.10000000149011612
0.3815000057220459
None 
0.10000000149011612
0.25360000133514404
0.10000000149011612
0.5913000106811523
0.3783000111579895
0.219200000166893
0.2021999955177307
0.10000000149011612
0.2087000012397766
0.10000000149011612
0.6166999936103821
0.12520000338554382
0.10740000009536743
0.15440000593662262
0.588699996471405
0.10000000149011612
0.12099999934434891
0.35499998927116394
0.5849000215530396
0.10000000149011612
None 
0.13179999589920044
0.219200000166893
0.10000000149011612
0.10000000149011612
0.45730000734329224
0.7156000137329102
0.10019999742507935
0.18199999630451202
0.10000000149011612
0.11429999768733978
0.14730000495910645
0.6615999937057495
0.11590000241994858
0.29350000619888306
0.10000000149011612
0.2076999992132187
0.10289999842643738
0.5848000049591064
