798386.0 20056180
182858.0 34044716
64782.0 8221376
879898.0 86800716
77514.0 3802648
3850410.0 116447948
42625162.0 1052666812
1182010.0 22145852
2448810.0 122239004
24121546.0 1692159036
87002.0 2041540
5924074.0 272630396
1158330.0 95594572
1336378.0 15392348
192778.0 6918684
1528906.0 32252556
145218.0 5536780
222722.0 9411652
72658.0 4295216
67378.0 4842368
2788650.0 34770668
141186.0 3752052
118426.0 10074800
68058.0 6870148
77546.0 2197352
601906.0 11691404
46214.0 769700
433426.0 11029876
1811082.0 81051324
342314.0 4242164
97030.0 2939932
620290.0 14369172
208250.0 5077680
1051690.0 14822476
201798.0 10474640
211850.0 28477652
913962.0 24772180
753586.0 40424028
106910.0 3043392
861914.0 50894700
1185626.0 57441180
135686.0 10772688
3398954.0 121618236
136414.0 3018500
1152922.0 31499932
20570.0 2917120
267738.0 11858188
109226.0 10289636
152026.0 7501660
32946.0 3767928
190702.0 4611480
191378.0 7192412
1008074.0 26211692
236402.0 20255860
265314.0 24938564
377282.0 13474852
1696250.0 152116284
91882.0 1664868
245286.0 4120556
99718.0 5045356
158426.0 2554404
79134.0 835284
251898.0 3922148
103230.0 6940392
652706.0 17263220
68354.0 4818496
110866.0 1702788
54762.0 786800
143882.0 3089444
576474.0 9159932
153214.0 5725700
75630.0 3798764
207406.0 7824756
265674.0 8354460
41382.0 3713012
52774.0 1079628
130050.0 7536948
789386.0 151308028
73426.0 2136680
141194.0 2520148
893178.0 12350052
66802.0 1644572
2036522.0 110054028
220210.0 7049684
112858.0 1706804
5686378.0 41513084
1004386.0 24953116
3861194.0 104951980
78590.0 2239124
191806.0 6273524
108350.0 2225052
108610.0 3092960
260850.0 7070928
281246.0 6401884
90998.0 2529696
250462.0 5312752
