-0.32988764104308127
-0.2991105685841255
-0.3535572490430813
-0.4586185590879135
-0.4520647052683868
-0.1371041050430813
10000000000.0
-0.7100082883229217
-0.24046199336852261
10000000000.0
-0.4385069242057037
10000000000.0
-0.36060085202794645
-0.4045953008957901
-0.3731026329512901
-0.5469948829932098
-0.357106441527071
-0.5988366909598313
-0.3614095690430813
-0.36031526504308126
-0.3004586650430813
-0.7554759100857695
-0.3498504010430813
-0.3562597050430813
-0.36560529704308126
-0.4262771907149238
-0.6881505938583373
-0.3479402490430813
-0.20789735304308127
-0.42696567008073044
-0.37896013791092487
-0.7473316726225432
-0.4336946446730041
-0.3403550490430813
-0.34905072104308127
-0.3130446970430813
-0.3204556410430813
-0.41522193558859255
-0.4686332112602386
-0.26821060104308125
-0.28283763567747117
-0.5098046286730041
-0.12676352904308125
-0.44537299704599376
-0.6768801554263458
-0.4862457570626831
-0.3462836250430813
-0.3494207290430813
-0.36234668029206274
-0.3624641450430813
-0.3607770410430813
-0.35561517704308127
-0.4915266253460082
-0.7365382923500824
-0.3201228730430813
-0.5401003000054321
10000000000.0
-0.36667026504308126
-0.4692788889346008
-0.3599092890430813
-0.7088011994768066
-0.5631394398105927
-0.44559570411682503
-0.4276592128624115
-0.3354735610430813
-0.4364530088678436
-0.3665944250430813
-0.7301163955272674
-0.38146111436988067
-0.3568601360667572
-0.39662860415563583
-0.7044924695299835
-0.3543504890430813
-0.3679910795410442
-0.5410739684898147
-0.7072707590871277
-0.3549261050430813
10000000000.0
-0.38798663712944026
-0.44839970411682506
-0.3452998970430813
-0.3667108570430813
-0.4000019491403045
-0.786820641613037
-0.3667263901975555
-0.3443738294131584
-0.3200937690430813
-0.17010603838113783
-0.39863175547137447
-0.7505729475940246
-0.376679897693964
-0.4992640843392181
-0.3558581450430813
-0.43258623144925307
-0.36697060689850614
-0.6987344994713744
