0.009999999776482582
0.037700001150369644
0.009999999776482582
None 
0.39579999446868896
None 
0.022199999541044235
0.21789999306201935
0.34779998660087585
0.009700000286102295
None 
0.3472000062465668
0.22439999878406525
0.08760000020265579
0.1509999930858612
0.009999999776482582
0.3903999924659729
0.3077000081539154
None 
0.009999999776482582
None 
0.3589000105857849
0.026399999856948853
0.009999999776482582
0.009999999776482582
0.009999999776482582
0.009999999776482582
0.025100000202655792
0.009999999776482582
0.009399999864399433
0.09759999811649323
0.009999999776482582
0.08889999985694885
0.3716999888420105
0.02930000051856041
0.025800000876188278
0.013799999840557575
0.3474999964237213
0.13339999318122864
0.009800000116229057
0.012799999676644802
0.009999999776482582
None 
None 
0.009999999776482582
0.07289999723434448
None 
None 
None 
0.009100000374019146
0.1712999939918518
None 
0.009999999776482582
0.013199999928474426
0.009700000286102295
0.009999999776482582
0.008799999952316284
0.009999999776482582
0.009600000455975533
None 
0.009999999776482582
0.05889999866485596
0.01810000091791153
None 
0.032999999821186066
0.010999999940395355
0.01119999960064888
0.009999999776482582
0.009999999776482582
None 
0.010999999940395355
0.012400000356137753
0.427700012922287
None 
0.2777999937534332
None 
None 
0.009999999776482582
None 
0.008500000461935997
0.028699999675154686
None 
0.007899999618530273
0.14550000429153442
0.1421000063419342
0.009999999776482582
0.009999999776482582
None 
0.13249999284744263
0.009999999776482582
0.010200000368058681
0.009999999776482582
0.14069999754428864
0.01510000042617321
0.009999999776482582
None 
0.014999999664723873
None 
0.03420000150799751
0.18469999730587006
0.13300000131130219
None 
0.026200000196695328
None 
None 
0.009800000116229057
0.008700000122189522
0.034699998795986176
0.009999999776482582
0.009999999776482582
0.017799999564886093
None 
None 
None 
0.19460000097751617
0.009999999776482582
None 
0.010099999606609344
0.011300000362098217
0.012799999676644802
0.03449999913573265
0.054999999701976776
None 
0.01080000028014183
0.22550000250339508
0.01269999984651804
None 
None 
0.37380000948905945
0.009999999776482582
0.009999999776482582
0.012000000104308128
0.009200000204145908
None 
0.017100000753998756
0.3418000042438507
None 
None 
0.01209999993443489
None 
0.02669999934732914
0.010599999688565731
None 
None 
0.09730000048875809
0.016300000250339508
0.3797000050544739
0.010200000368058681
0.00989999994635582
0.06870000064373016
None 
0.009999999776482582
None 
0.009999999776482582
0.009999999776482582
0.010599999688565731
None 
0.013199999928474426
None 
None 
0.009999999776482582
None 
None 
0.010400000028312206
0.009999999776482582
0.009999999776482582
0.2020999938249588
0.38199999928474426
0.020600000396370888
0.039799999445676804
0.009999999776482582
0.22699999809265137
None 
None 
0.010200000368058681
None 
0.35839998722076416
0.030700000002980232
0.010900000110268593
0.036400001496076584
0.008799999952316284
None 
None 
0.009999999776482582
0.07590000331401825
None 
0.008700000122189522
0.16349999606609344
0.017000000923871994
None 
0.008899999782443047
0.1014999970793724
0.009999999776482582
0.009999999776482582
None 
None 
0.008100000210106373
None 
0.2922999858856201
None 
