54635620.0 1854166296.0
1295364.0 52899608.0
732804.0 52410648.0
28444708.0 1762417240.0
1263428.0 58559624.0
2379620.0 111056872.0
5970276.0 61115000.0
1086348.0 32054320.0
12432868.0 803320920.0
55577892.0 1553423832.0
2753540.0 201998264.0
21075236.0 501801112.0
12563172.0 1241742360.0
13511076.0 1266142744.0
280420.0 8316944.0
4277956.0 341234296.0
47360.0 827704.0
11878436.0 267534744.0
1458516.0 33331624.0
1181028.0 117182968.0
375292.0 3032120.0
847132.0 40077648.0
1259364.0 10613512.0
255084.0 28564936.0
63956.0 1996024.0
9349764.0 262479736.0
43020.0 1086196.0
3479380.0 70473400.0
1114900.0 43187096.0
95660.0 7389304.0
382628.0 8521552.0
113836.0 6761504.0
195464.0 8399708.0
5678500.0 205477368.0
282332.0 7097936.0
351908.0 16058960.0
2916260.0 123510168.0
2759156.0 35535000.0
70168.0 3788200.0
215132.0 8186792.0
84424.0 7445980.0
1635796.0 130833400.0
95280.0 10029096.0
56740.0 7311728.0
3452804.0 250683896.0
198636.0 8220888.0
96708.0 6680220.0
2226292.0 24901800.0
900100.0 26057592.0
9050020.0 792092568.0
2773204.0 157862488.0
9811940.0 181773112.0
1001508.0 52311800.0
398196.0 25585400.0
126024.0 3007388.0
8012644.0 304154008.0
98312.0 7531648.0
33958948.0 659222296.0
426180.0 25641192.0
19397220.0 235607448.0
40255396.0 1604962776.0
170516.0 4065452.0
458068.0 7649344.0
13391844.0 143927704.0
758020.0 19653184.0
350836.0 24629392.0
8313316.0 301094072.0
1861524.0 54031400.0
1617140.0 42871608.0
1913844.0 107693448.0
3290532.0 421874680.0
18956068.0 906978776.0
2448868.0 122241496.0
4897300.0 124615400.0
25169956.0 810899096.0
58452.0 1985016.0
20708452.0 646402456.0
16993252.0 807980632.0
167996.0 3966268.0
434412.0 8961792.0
348188.0 21026640.0
37430372.0 2142830296.0
409996.0 21679368.0
21851876.0 1476887960.0
506628.0 9021064.0
4134932.0 103102088.0
353692.0 45295080.0
4115684.0 374436440.0
1639700.0 32473400.0
2983412.0 35846424.0
759940.0 86843928.0
29437284.0 1534212312.0
152232.0 3862804.0
22321252.0 936917784.0
6851332.0 240000472.0
16452452.0 624212568.0
77754660.0 2553657944.0
141448.0 6657928.0
53348.0 6360196.0
17372452.0 807865240.0
27997796.0 1904317912.0
800116.0 21929160.0
6586916.0 384035800.0
196828.0 2402140.0
12705700.0 529889400.0
17769796.0 552518904.0
292188.0 2865560.0
2279108.0 44009736.0
220732.0 14746040.0
425436.0 8859136.0
1183412.0 53313000.0
15147044.0 489946520.0
37608.0 2830908.0
485412.0 31386488.0
92792.0 4930536.0
58364644.0 1354912472.0
88756.0 6911824.0
477508.0 29668048.0
409724.0 8363208.0
1215684.0 82863464.0
9368548.0 539520152.0
63552.0 4788792.0
934028.0 16172296.0
7751972.0 132301144.0
151768.0 4027920.0
50664100.0 2503779096.0
644732.0 30002120.0
212564.0 13611232.0
53346276.0 2776380504.0
695108.0 105572312.0
3739140.0 415409208.0
4325284.0 313555928.0
2852964.0 97990984.0
98160.0 11519452.0
6415492.0 127649752.0
1179676.0 32241152.0
640116.0 9287480.0
31073316.0 1278760792.0
567684.0 44518792.0
217540.0 2673056.0
1311908.0 44406680.0
27615972.0 1370977624.0
40932.0 1950104.0
1006532.0 51947944.0
119716.0 30655672.0
1901988.0 98481016.0
119164.0 7750468.0
7082916.0 236982776.0
80778212.0 1975144792.0
3745412.0 57796632.0
39673316.0 2429376472.0
4724004.0 680685912.0
5652708.0 128646680.0
84940.0 1144108.0
3074500.0 121238936.0
37268900.0 1819435352.0
1006644.0 21915320.0
308716.0 8761296.0
43833700.0 1833762456.0
1453748.0 65032072.0
655380.0 87406040.0
38471524.0 3103894104.0
7064484.0 236231160.0
70664164.0 1575318296.0
779524.0 50528856.0
44424868.0 2491304472.0
4868868.0 470058552.0
5166308.0 207153816.0
45020.0 1064540.0
52424.0 3829392.0
28282148.0 1882237976.0
4354436.0 57675608.0
60655780.0 2466160344.0
1012164.0 40406392.0
18061540.0 2042509720.0
434964.0 4288480.0
4660804.0 258927384.0
588436.0 87555032.0
849044.0 25483776.0
4132516.0 139017752.0
4767300.0 126334968.0
2438948.0 34071816.0
10232292.0 889532312.0
269152.0 13359388.0
246212.0 25282056.0
347732.0 39613392.0
92752.0 1238872.0
6104580.0 375634136.0
11199524.0 555454968.0
342208.0 13813972.0
638188.0 14506464.0
434204.0 19420624.0
1623796.0 69656920.0
1781988.0 120908184.0
415684.0 13552168.0
141936.0 5974568.0
2071092.0 156457976.0
12900868.0 275406296.0
767940.0 31680472.0
50600.0 3873844.0
897460.0 52740136.0
6087908.0 420106776.0
179472.0 6662912.0
594044.0 11258512.0
