515876.0 24817840
708156.0 18726792
481124.0 23906624
20165092.0 694871256
4491588.0 39570008
17762980.0 401123736
15865892.0 148526424
92576.0 1159456
1475364.0 61140680
1360836.0 96000440
28444708.0 1762417240
607684.0 6463248
732804.0 52410648
1295364.0 52899608
1263428.0 58559624
2379620.0 111056872
5970276.0 61115000
1086348.0 32054320
2753540.0 201998264
563132.0 19356632
21075236.0 501801112
375292.0 3032120
63956.0 1996024
43020.0 1086196
47360.0 827704
255084.0 28564936
1259364.0 10613512
280420.0 8316944
113836.0 6761504
382628.0 8521552
95660.0 7389304
282332.0 7097936
70168.0 3788200
2916260.0 123510168
215132.0 8186792
1114900.0 43187096
95280.0 10029096
303564.0 7140384
900100.0 26057592
84424.0 7445980
56740.0 7311728
198636.0 8220888
9349764.0 262479736
4277956.0 341234296
398196.0 25585400
426180.0 25641192
13511076.0 1266142744
16993252.0 807980632
21374500.0 2712440216
2759156.0 35535000
2415940.0 83902584
53997988.0 2777682200
98312.0 7531648
126024.0 3007388
691612.0 25875584
350836.0 24629392
195464.0 8399708
141448.0 6657928
152232.0 3862804
4115684.0 374436440
2226292.0 24901800
4632276.0 100850104
592644.0 25380952
40255396.0 1604962776
1913844.0 107693448
167996.0 3966268
847132.0 40077648
726700.0 25381176
219404.0 5251000
20422500.0 411699736
37608.0 2830908
13391844.0 143927704
4134932.0 103102088
7149476.0 443550904
506628.0 9021064
8313316.0 301094072
4968388.0 271221272
759940.0 86843928
9811940.0 181773112
1927300.0 81048728
170516.0 4065452
33392548.0 1034200728
196828.0 2402140
811004.0 24465512
409724.0 8363208
63552.0 4788792
1617140.0 42871608
11878436.0 267534744
485412.0 31386488
519308.0 25234464
353692.0 45295080
351908.0 16058960
758020.0 19653184
4897300.0 124615400
58452.0 1985016
3290532.0 421874680
1181028.0 117182968
9368548.0 539520152
7751972.0 132301144
3479380.0 70473400
2279108.0 44009736
37879652.0 2478213336
477508.0 29668048
50664100.0 2503779096
77754660.0 2553657944
53348.0 6360196
1215684.0 82863464
458068.0 7649344
5341284.0 41269688
1635796.0 130833400
200428.0 6934560
19397220.0 235607448
2773204.0 157862488
15369252.0 401597400
2983412.0 35846424
292188.0 2865560
29437284.0 1534212312
98160.0 11519452
87176.0 3847016
220732.0 14746040
96708.0 6680220
119716.0 30655672
6851332.0 240000472
217540.0 2673056
3353396.0 138797768
110804.0 6827280
39673316.0 2429376472
31073316.0 1278760792
834756.0 26457832
92792.0 4930536
469644.0 16011624
1861524.0 54031400
46132.0 769916
43833700.0 1833762456
84940.0 1144108
1735972.0 75004392
5678500.0 205477368
53346276.0 2776380504
3745412.0 57796632
13387332.0 390767384
1458516.0 33331624
434412.0 8961792
4724004.0 680685912
37268900.0 1819435352
1639700.0 32473400
1495620.0 16118536
1006644.0 21915320
88756.0 6911824
308716.0 8761296
567684.0 44518792
5166308.0 207153816
151768.0 4027920
38471524.0 3103894104
1311908.0 44406680
348188.0 21026640
52424.0 3829392
1513620.0 152756552
640116.0 9287480
12432868.0 803320920
22285348.0 649553496
1179676.0 32241152
31537956.0 2413106200
3739140.0 415409208
409996.0 21679368
40932.0 1950104
4272260.0 38861080
1012164.0 40406392
1183412.0 53313000
934028.0 16172296
45020.0 1064540
1453748.0 65032072
2852964.0 97990984
3452804.0 250683896
7082916.0 236982776
5652708.0 128646680
18061540.0 2042509720
1090084.0 10409480
1001508.0 52311800
119164.0 7750468
800116.0 21929160
269152.0 13359388
33958948.0 659222296
15147044.0 489946520
588436.0 87555032
223960.0 6401880
25169956.0 810899096
644732.0 30002120
695108.0 105572312
779524.0 50528856
4868868.0 470058552
342208.0 13813972
4132516.0 139017752
4767300.0 126334968
2448868.0 122241496
4325284.0 313555928
80778212.0 1975144792
4354436.0 57675608
17372452.0 807865240
415684.0 13552168
17769796.0 552518904
