-0.2573643198435378
-0.2889364168052588
-0.2591867518435378
10000000000.0
-0.49791998012808225
10000000000.0
-0.018487151678730974
-0.4502110831434135
-0.42117863062061306
-0.1147891202002716
10000000000.0
-0.5301135083725967
-0.35225870314884566
-0.255520784141859
-0.28858074716010285
-0.08488625584353779
-0.451049994726181
-0.4512813657077408
10000000000.0
-0.2682867358435378
10000000000.0
-0.5451657674100494
-0.31448795189986417
-0.3048276078435378
-0.3053445918435378
-0.2498701278435378
-0.28577297584353784
-0.30093611214185906
-0.2934769918435378
-0.28953689590507964
-0.3535413906815452
-0.2928041278435378
-0.3546535998998642
-0.31316965618940734
-0.30413641636299227
-0.2316858086133318
-0.28960180788839024
-0.5289692294966049
-0.34126481122686003
-0.29196804008136035
-0.29433654377365137
-0.29055822384353786
10000000000.0
10000000000.0
-0.2558291998435378
-0.29974761406404116
10000000000.0
10000000000.0
10000000000.0
-0.23530000026181339
-0.2521048277942962
10000000000.0
-0.2919367038435378
-0.30322522394993207
-0.25503883220027157
-0.2577412158435378
-0.2893605839666214
-0.2936841438435378
-0.29899439231918284
10000000000.0
-0.2571963998435378
-0.13952979106539917
-0.26190809664253806
10000000000.0
-0.10771310387483025
-0.29976746395827675
-0.22768470372045424
-0.2562376478435378
-0.2964979998435378
10000000000.0
-0.30203818395827675
-0.020824592249296434
-0.39318583304560084
10000000000.0
-0.47641786762740324
10000000000.0
10000000000.0
-0.13331214384353782
10000000000.0
-0.14385254432335517
-0.3119590957726083
10000000000.0
-0.3007257197329712
-0.3529189790040741
-0.3827435884393539
-0.2974224158435378
-0.2212567838435378
10000000000.0
-0.32997701899320986
-0.2565310718435378
-0.21654984025764107
-0.27488207984353785
-0.35918363028100203
-0.06133920029832124
-0.3030299678435378
10000000000.0
-0.07613406376530671
10000000000.0
-0.05933771305559826
-0.288343198114109
-0.30508052891791154
10000000000.0
-0.25900390413768676
10000000000.0
10000000000.0
-0.29413960808136036
-0.1403630720855327
-0.3089913111571903
-0.2244606238435378
-0.0453331998435378
-0.29859087969542025
10000000000.0
10000000000.0
10000000000.0
-0.3645271526842613
-0.3012688798435378
10000000000.0
-0.2840310957246265
-0.30021596825346875
-0.2794679197736514
-0.31078955939501285
-0.27718865579138374
10000000000.0
-0.30221388819609923
-0.18025446575237655
-0.2952354398925626
10000000000.0
10000000000.0
-0.5087443426423417
-0.2971389278435378
-0.2749767518435378
-0.20033720007301567
-0.30490016814290216
10000000000.0
-0.3096817845277991
-0.3892512189706955
10000000000.0
10000000000.0
-0.1928767359541044
10000000000.0
-0.25202675154313037
-0.28949641578199603
10000000000.0
10000000000.0
-0.3031632003421306
-0.27917292817523764
-0.5219593635381317
-0.2933163522576411
-0.28940740796244907
-0.2590524164506111
10000000000.0
-0.29894415984353784
10000000000.0
-0.21818663984353778
-0.2649467198435378
-0.29976121578199605
10000000000.0
-0.29066503994993204
10000000000.0
10000000000.0
-0.24251769584353777
10000000000.0
10000000000.0
-0.2639212640198185
-0.3030997918435378
-0.2292778398435378
-0.3606572116774711
-0.46077399949932096
-0.2820754082774596
-0.32573091961197376
-0.17693585584353777
-0.2629180306648559
10000000000.0
10000000000.0
-0.04984664025764107
10000000000.0
-0.5300610310545348
-0.21686640000208612
-0.29212906407718797
-0.2816216810472536
-0.2794412239666214
10000000000.0
10000000000.0
-0.1318899358435378
-0.3403262423198128
10000000000.0
-0.24608576008553265
-0.2033053732462654
-0.2108422886467104
10000000000.0
-0.2786020558477101
-0.09301449395556069
-0.05433006384353782
-0.0625170078435378
10000000000.0
10000000000.0
-0.19031878414707448
10000000000.0
-0.47750565411993406
10000000000.0
