0.08340000361204147
0.010900000110268593
0.009999999776482582
0.01600000075995922
0.009999999776482582
None 
0.03220000118017197
0.009999999776482582
0.010499999858438969
None 
0.35740000009536743
0.010200000368058681
0.026499999687075615
0.017100000753998756
0.08980000019073486
None 
0.28349998593330383
None 
0.07959999889135361
0.18320000171661377
0.06210000067949295
0.011900000274181366
0.010599999688565731
0.008799999952316284
0.010999999940395355
0.017500000074505806
0.03889999911189079
0.029899999499320984
0.009999999776482582
0.01140000019222498
0.035100001841783524
0.13950000703334808
0.049800001084804535
0.00860000029206276
0.008999999612569809
0.06419999897480011
0.07540000230073929
0.051600001752376556
0.2004999965429306
0.288100004196167
0.03280000016093254
0.17720000445842743
0.07540000230073929
0.010099999606609344
0.025100000202655792
0.01119999960064888
0.009999999776482582
0.03460000082850456
0.01140000019222498
0.009999999776482582
0.00930000003427267
0.013500000350177288
0.009399999864399433
0.010300000198185444
0.03739999979734421
0.010099999606609344
0.16339999437332153
0.013100000098347664
0.014600000344216824
0.10209999978542328
0.010999999940395355
0.015399999916553497
0.010599999688565731
0.010200000368058681
0.007000000216066837
0.08229999989271164
0.07109999656677246
0.10949999839067459
0.19130000472068787
0.007899999618530273
0.026100000366568565
0.010499999858438969
0.009999999776482582
0.3091999888420105
0.009800000116229057
