62060.0 1992304
4044836.0 87399896
187488.0 7986148
1813492.0 134380968
713300.0 14248536
13453668.0 1552362776
1211636.0 65938776
781764.0 113103848
128164.0 7689332
4274564.0 170392984
207120.0 9380892
291736.0 12280088
191952.0 3259624
81296.0 13292644
236728.0 10636228
5903140.0 234152248
803044.0 31621928
4254660.0 205729976
324324.0 8405296
384980.0 28343808
48240.0 3869132
311160.0 10770928
80556.0 6696040
128552.0 8013972
83132.0 6348772
214280.0 9699712
90432.0 6434504
40332.0 3728684
39244.0 1984592
1212012.0 32305456
63972.0 1155468
48724.0 2049524
128408.0 3086812
72980.0 3918640
175564.0 6305292
175204.0 6885312
176076.0 15824152
124116.0 7792704
55944.0 7388940
189812.0 11702640
58680.0 3765336
125480.0 6205288
159468.0 7516968
39404.0 778012
259284.0 8063056
121812.0 8252680
1506724.0 23462200
120888.0 3966016
44376.0 5508512
52328.0 2187000
17420.0 746468
73484.0 2015104
23192.0 1998600
99976.0 4587912
59532.0 6853496
168528.0 8093724
594020.0 18701392
94620.0 4871516
241332.0 6436676
202192.0 4846608
175092.0 2588208
91516.0 6917576
78084.0 867436
151300.0 2418844
24832.0 4141496
237292.0 5662024
271716.0 5906632
107980.0 3092148
57868.0 3888536
93100.0 2467144
51180.0 6636512
714908.0 17388240
70284.0 7417752
105732.0 4303036
842988.0 18121784
