-0.354395394528429
-0.13283020807718798
-0.2910277038435378
-0.042438064531971464
-0.2785029278435378
10000000000.0
-0.19066244882612035
-0.08079230384353779
-0.2919713359009073
10000000000.0
-0.5314182160667571
-0.28257982425764105
-0.3120307517809529
-0.28538471252779907
-0.3415875441335144
10000000000.0
-0.43520613415331266
10000000000.0
-0.33890940722394747
-0.3715523852016296
-0.335731736475645
-0.286788144191927
-0.29402791978199605
-0.29013205596662145
-0.29500245595827673
-0.29285057605215403
-0.3143609913783235
-0.31347263164952466
-0.3030308158435378
-0.2433690881345575
-0.32225906528924847
-0.39355095692334363
-0.3286863767593632
-0.2981827202044439
-0.29368941572879886
-0.33116937528236007
-0.32113169761051746
-0.32053459322666356
-0.4255721175800514
-0.4782647229373168
-0.31542932811265273
-0.41162942712089917
-0.33774606561051745
-0.3055139757246265
-0.301443888141859
-0.29133463972045426
-0.2600755998435378
-0.3162879685799532
-0.29696297613455747
-0.30262599984353783
-0.30501706402399087
-0.30541979224512406
-0.30258279990507964
-0.2980341761387298
-0.3124730078581409
-0.2908825517246265
-0.37697721206132506
-0.2994269680688434
-0.29734664824095175
-0.3617767838497963
-0.3025235839582768
-0.29694484794158743
-0.305685127781996
-0.30230231225764104
-0.2966170081512468
-0.34628595192489814
-0.3379567335967407
-0.37046570287347225
-0.4261329313044815
-0.30059571173297117
-0.30499697625659794
-0.2725735199009073
-0.2921644958435378
-0.5078339201894073
-0.2706164320813603
