0.009999999776482582
0.03920000046491623
0.009999999776482582
None 
0.4059000015258789
None 
0.015399999916553497
0.21559999883174896
0.3418999910354614
0.010300000198185444
0.24469999969005585
None 
0.009999999776482582
0.05550000071525574
0.08789999783039093
0.009999999776482582
0.1476999968290329
0.04670000076293945
0.009999999776482582
0.009999999776482582
0.2524000108242035
0.009999999776482582
None 
0.24369999766349792
0.13510000705718994
0.009999999776482582
0.265500009059906
0.31949999928474426
0.009999999776482582
0.009999999776482582
0.009999999776482582
0.3253999948501587
0.009999999776482582
0.009999999776482582
0.010099999606609344
0.1031000018119812
0.008200000040233135
0.15780000388622284
0.120899997651577
0.1648000031709671
0.0828000009059906
0.011500000022351742
0.05999999865889549
0.009999999776482582
0.009999999776482582
0.009999999776482582
0.09880000352859497
0.010300000198185444
0.19339999556541443
0.01119999960064888
0.013399999588727951
0.00860000029206276
0.009999999776482582
0.009999999776482582
0.013500000350177288
0.009999999776482582
0.010499999858438969
0.03189999982714653
0.010900000110268593
0.1573999971151352
0.009999999776482582
0.07760000228881836
0.009999999776482582
0.009999999776482582
0.11190000176429749
0.42160001397132874
0.20800000429153442
0.17180000245571136
0.18129999935626984
0.010300000198185444
0.010099999606609344
0.093299999833107
0.011500000022351742
0.18070000410079956
0.00989999994635582
