515876.0 24817840
708156.0 18726792
481124.0 23906624
20165092.0 694871256
4491588.0 39570008
17762980.0 401123736
15865892.0 148526424
92576.0 1159456
1475364.0 61140680
1360836.0 96000440
359212.0 8330552
4828164.0 314561720
1218124.0 32317744
560124.0 28694248
914132.0 9970328
307300.0 13744408
194004.0 6997704
102920.0 6388256
1970260.0 24389192
259612.0 9111700
332852.0 16137968
745316.0 35461384
4225140.0 182403224
397932.0 27862304
56924.0 2020096
438956.0 9106048
321356.0 2880296
845788.0 19921560
343148.0 4295848
492564.0 25306344
1797348.0 67328360
6024676.0 129188504
201500.0 8014792
76160.0 3800128
725908.0 19588752
187044.0 2611808
1641428.0 41850536
409724.0 8363208
487284.0 11138120
113456.0 2507732
105676.0 2517192
168788.0 6630568
413940.0 4246592
126304.0 2533412
185868.0 13601568
78876.0 2166444
1647780.0 96573528
189560.0 3125056
4202724.0 101680600
360012.0 4138808
69772.0 2923788
916932.0 12397936
922164.0 26101480
332932.0 8209648
199900.0 15355032
93724.0 2535496
106888.0 1188104
137652.0 2513264
539084.0 24863992
515908.0 11519392
3316356.0 68539896
776148.0 9694552
610708.0 30416888
475668.0 21339136
40264.0 4172256
524924.0 11120336
214780.0 13615912
42084.0 795612
1392084.0 88878744
194668.0 2737928
140764.0 23015480
93916.0 3607368
169004.0 5824476
391524.0 19335272
206956.0 10823976
