-0.2573643198435378
-0.28998641632544137
-0.2591867518435378
10000000000.0
-0.5049899850681152
10000000000.0
-0.013727151941587456
-0.44860108718222425
-0.4170486337248229
-0.1152091201387298
-0.454628895783039
10000000000.0
-0.2423645118435378
-0.28146150450067897
-0.34158934248127365
-0.27951118384353785
-0.38939458978032304
-0.3199134885340576
-0.2582216158435378
-0.2887765998435378
-0.4444040715769424
-0.2360772318435378
10000000000.0
-0.4148653903644485
-0.39052981294003297
-0.2887879038435378
-0.4800894143419342
-0.48380687949932094
-0.29840830384353784
-0.2563873118435378
-0.17234327984353778
-0.26940298839511106
-0.29097041584353783
-0.29939974384353785
-0.26789249572462653
-0.36694638526838685
-0.22203892802816316
-0.39373358672035597
-0.3623537583561039
-0.4103445382196769
-0.3529256166341934
-0.2947888640156462
-0.3335068150612268
-0.3019331758435378
-0.2797968638435378
-0.30266711184353784
-0.17601294647001647
-0.3009598881387298
-0.23201879689579008
-0.29956238372045424
-0.30353242371210953
-0.2812241282044439
-0.2547970398435378
-0.29058070384353785
-0.2787399362451241
-0.3019290078435378
-0.3049737919009073
-0.31730347187900254
-0.257902016077188
-0.38714121398059465
-0.16992020784353778
-0.3349308976021729
-0.24616622384353778
-0.2643217278435378
-0.3699854892350082
-0.57287933777993
-0.4183681790040741
-0.4186687777189979
-0.2491525115493889
-0.3017341441387298
-0.2610390397246265
-0.35809526388317486
-0.2964010480156462
-0.3878194588705597
-0.2852820479624491
