None 
0.18649999797344208
0.009999999776482582
None 
0.029400000348687172
0.009999999776482582
None 
0.009999999776482582
None 
None 
0.009999999776482582
0.29330000281333923
0.34869998693466187
0.05270000174641609
0.009999999776482582
0.009999999776482582
0.12720000743865967
0.012900000438094139
0.009999999776482582
0.009999999776482582
0.009999999776482582
0.009999999776482582
0.007899999618530273
0.14270000159740448
0.10520000010728836
0.3573000133037567
0.02290000021457672
0.021700000390410423
0.1679999977350235
0.017100000753998756
0.013299999758601189
0.009999999776482582
0.06400000303983688
0.02969999983906746
0.08160000294446945
0.0925000011920929
0.009999999776482582
0.37209999561309814
0.18479999899864197
0.010300000198185444
0.01600000075995922
0.010700000450015068
0.020500000566244125
0.23080000281333923
0.25929999351501465
0.009999999776482582
0.010099999606609344
0.33070001006126404
0.023099999874830246
0.035999998450279236
0.009999999776482582
0.019700000062584877
0.009999999776482582
0.2574000060558319
0.18610000610351562
0.04149999842047691
0.035999998450279236
0.05389999970793724
0.015399999916553497
0.01209999993443489
0.008899999782443047
0.0340999998152256
0.08860000222921371
0.05400000140070915
0.3750999867916107
0.011099999770522118
0.015699999406933784
0.03830000013113022
0.390500009059906
0.03480000048875809
0.08910000324249268
0.14640000462532043
0.009999999776482582
0.19859999418258667
0.009999999776482582
