9298660.0 279071992
2081476.0 94509224
2651812.0 67211032
36112740.0 1886885080
335812.0 8215248
2279300.0 101788904
4097716.0 156919416
194460.0 5752720
17319876.0 722426776
15055908.0 2760615640
2197988.0 113144552
2593188.0 121988824
484732.0 6332448
1352308.0 27492440
2456276.0 83085144
1609668.0 33633624
2099204.0 96483048
307892.0 5979064
629148.0 9014408
990724.0 15212968
144648.0 2297896
2284836.0 45526312
778068.0 12292616
307772.0 11102904
986308.0 10114696
3548260.0 63128808
4272628.0 98891352
1921684.0 45625032
88900.0 1205260
719268.0 9194480
549268.0 95962216
628436.0 11993320
1428756.0 33271912
183656.0 2449336
107116.0 2452552
536212.0 62980040
8808388.0 132433816
1453892.0 32101544
609524.0 13938456
178900.0 4588200
601436.0 13923680
1559396.0 94705480
92008.0 2490004
1594932.0 109170968
152308.0 6838312
73268.0 1564780
462196.0 8467936
632084.0 59454648
1178628.0 22139528
43876.0 1955960
62076.0 3772076
234724.0 2707200
296660.0 5956568
1183284.0 15085976
234628.0 2707072
79476.0 1186604
4031284.0 105042744
3689332.0 80013512
57740.0 6408464
489668.0 8987464
3214900.0 47387000
64140.0 805876
64584.0 1610516
158788.0 13038600
636260.0 9280040
814852.0 68445288
41080.0 4325352
48640.0 1124920
208532.0 2654960
590852.0 59372584
63172.0 3545888
653020.0 9061896
513572.0 11437088
2565156.0 46912088
102288.0 2950664
