10000000000.0
-0.24153155058140946
-0.1725779358435378
10000000000.0
-0.304149504244081
-0.10342219184353778
10000000000.0
-0.29549455984353784
10000000000.0
10000000000.0
-0.0807108958435378
-0.26133235396933746
-0.5314250948542633
-0.28190512122249123
-0.1408297118435378
-0.2397327518435378
-0.19607390920706178
-0.2970718723066659
-0.2889711838435378
-0.27657406384353783
-0.30240420784353783
-0.21594737584353782
-0.28094476773297117
-0.37768419311818313
-0.35341060807510183
-0.4238523933126297
-0.11824729615020368
-0.22393993627328732
-0.4151894784145165
-0.2935810405277991
-0.11738556783102082
-0.2830133598435378
-0.27825617812788583
-0.3158913278873472
-0.3522148980611286
-0.238789920834465
-0.04213236784353782
-0.4962669089291687
-0.40148308729904936
-0.2980336001387298
-0.28335264053197146
-0.11807904031501056
-0.30936999239637086
-0.24321806596933743
-0.4678333714605102
-0.30387043984353784
-0.2901341277246265
-0.4125807110428848
-0.2718909439123811
-0.32128807891519545
-0.2994558478435378
-0.30837560004380943
-0.2950868638435378
-0.4500080522390823
-0.4248558602724609
-0.3266767908943338
-0.11511451091519548
-0.17770297579555605
-0.29796307194158744
-0.2904950719541044
-0.21145599984771016
-0.3222582478706579
-0.35879896956044954
-0.3117228009804964
-0.5440099107541274
-0.17087942383936547
-0.3023392955848536
-0.3245601600917911
-0.5680400863419341
-0.20561483234213065
-0.35527822626974487
-0.38435621123772423
-0.2841258238435378
-0.3451958199278107
-0.30109867184353784
