None 
0.6141999959945679
0.21960000693798065
None 
0.3140000104904175
0.10000000149011612
None 
0.3718000054359436
None 
None 
0.7473000288009644
0.7573000192642212
0.7113999724388123
0.6373999714851379
0.37059998512268066
0.10000000149011612
0.6085000038146973
0.10499999672174454
0.10000000149011612
0.10000000149011612
0.2410999983549118
0.708899974822998
0.15440000593662262
0.6761999726295471
0.4675000011920929
0.6640999913215637
0.32120001316070557
0.19429999589920044
0.6003999710083008
0.23199999332427979
0.2071000039577484
0.22169999778270721
0.6482999920845032
0.27059999108314514
0.1860000044107437
0.5169000029563904
0.6644999980926514
0.7210000157356262
0.718500018119812
0.5742999911308289
0.6263999938964844
0.13910000026226044
0.5307999849319458
0.11590000241994858
0.5346999764442444
0.7282000184059143
0.14350000023841858
0.41200000047683716
0.390500009059906
0.10000000149011612
0.12219999730587006
0.7160999774932861
0.29660001397132874
0.11150000244379044
0.1736000031232834
0.3481000065803528
0.7106000185012817
0.7182999849319458
0.7303000092506409
0.19920000433921814
0.31790000200271606
0.6704999804496765
0.3248000144958496
0.11230000108480453
0.336899995803833
0.34790000319480896
0.6510000228881836
0.28780001401901245
0.18140000104904175
0.1281999945640564
0.7324000000953674
0.3504999876022339
0.34459999203681946
0.10050000250339508
0.47679999470710754
0.29600000381469727
0.3361999988555908
0.7324000000953674
0.3614000082015991
