9240970.0 278956252
2059786.0 94465484
2647402.0 67201852
35968650.0 1886596540
329962.0 8203188
2253290.0 101736524
4084666.0 156892956
193290.0 5750020
17276586.0 722339836
14923338.0 2760350140
2167658.0 113083532
2570058.0 121942204
478882.0 6320388
1333498.0 27454460
2441786.0 83055804
1569258.0 33552444
2070314.0 96424908
307082.0 5977084
628338.0 9012428
989194.0 15209548
143838.0 2295916
2264586.0 45485452
756378.0 12248876
301922.0 11090844
980458.0 10102636
3509290.0 63050508
4259578.0 98864892
1879834.0 45540972
83770.0 1194640
709098.0 9173780
540538.0 95944396
627626.0 11991340
1401306.0 33216652
174206.0 2430076
910826.0 21602764
42090.0 3856524
3199226.0 62431196
1174554.0 15068156
1518058.0 23364124
2163898.0 46109708
4605962.0 81845564
260338.0 20851044
884506.0 57802556
463658.0 8935084
533242.0 62973740
935242.0 26658092
384066.0 16725668
749258.0 14218092
2160042.0 43771436
1400186.0 10941404
147546.0 4019104
3006986.0 78648348
665146.0 26118076
52558.0 1586256
1773274.0 59579452
585066.0 15474100
561002.0 25379580
2557866.0 46897148
793242.0 14714524
1344682.0 94275404
1435930.0 15999260
4242826.0 81119708
47678.0 6582044
2832314.0 78484684
64882.0 1610956
54914.0 3882124
1052698.0 10246652
101510.0 4986148
105754.0 1238544
2240474.0 83553068
1509402.0 82090988
60534.0 1602056
156538.0 13033740
204630.0 3238600
69022.0 1165204
1539146.0 94664620
2147322.0 62483292
2061802.0 54431772
233714.0 5830468
