10000000000.0
-0.5410090291961974
-0.31931630085658647
10000000000.0
-0.5033936313432922
-0.1665269530430813
10000000000.0
-0.5487599638051606
10000000000.0
10000000000.0
-0.5969429561606749
-0.5862256054849548
-0.7853392047071686
-0.6912710600395966
-0.39330838158587644
-0.30289511304308125
-0.533100186670288
-0.3615458297052212
-0.3519751450430813
-0.3395809050430813
-0.4641781668484382
-0.7052590783760986
-0.3835822521556358
-0.751158292840683
-0.6070447288344649
-0.6387689779250946
-0.3271102252124939
-0.3449280531294403
-0.7178906997058105
-0.44405243532699584
-0.2530812107704239
-0.431207318447895
-0.6873766904591522
-0.48455984175820155
-0.3869944750875206
-0.6541169540694732
-0.640287606664856
-0.7745636990149383
-0.7562217646838684
-0.6097905777915802
-0.574788867727539
-0.3556679121835823
-0.555954877452362
-0.363259833693964
-0.548342503510971
-0.75642382888414
-0.366998664166893
-0.5599638163337859
-0.4858071343419342
-0.34811719304308125
-0.377501790114109
-0.6439732882453002
-0.45538385777993007
-0.37487748971065327
-0.30236109818629836
-0.512721804606247
-0.7466608529508971
-0.7090156934523619
-0.7817809584754485
-0.25088919503745266
-0.4905314814019013
-0.6071105703147736
-0.5141959221470946
-0.22164063275936316
-0.5326080850626831
-0.5357657542363662
-0.7352067120217285
-0.4914877138133087
-0.42450291273432916
-0.22263386019483944
-0.6484980240667572
-0.5421458793215637
-0.5151525144257736
-0.3638728017523765
-0.6314295882949752
-0.3178707626702881
-0.4103734151989135
-0.7038164560667571
-0.5413190697411194
