0.10000000149011612
0.5472000241279602
0.10000000149011612
None 
0.7526999711990356
None 
0.18459999561309814
0.6434000134468079
0.6880000233650208
0.09839999675750732
0.7001000046730042
None 
0.10000000149011612
0.6434999704360962
0.6251999735832214
0.10000000149011612
0.6926000118255615
0.39820000529289246
0.10000000149011612
0.10000000149011612
0.6686000227928162
0.10000000149011612
None 
0.6693999767303467
0.6201000213623047
0.10000000149011612
0.6827999949455261
0.7003999948501587
0.10000000149011612
0.10000000149011612
0.10000000149011612
0.769599974155426
0.10000000149011612
0.10000000149011612
0.10159999877214432
0.5475000143051147
0.10949999839067459
0.5928999781608582
0.6498000025749207
0.6373999714851379
0.5717999935150146
0.28369998931884766
0.39590001106262207
0.631600022315979
0.7566999793052673
0.746399998664856
0.1023000031709671
0.10000000149011612
0.10000000149011612
0.3646000027656555
0.10000000149011612
0.6931999921798706
0.10000000149011612
0.5759999752044678
0.5656999945640564
0.11569999903440475
0.10000000149011612
0.4007999897003174
0.10000000149011612
0.12189999967813492
0.3327000141143799
0.10790000110864639
0.2071000039577484
0.1177000030875206
0.7202000021934509
0.10000000149011612
0.10000000149011612
0.593500018119812
0.14980000257492065
0.1234000027179718
0.11959999799728394
0.14429999887943268
0.15369999408721924
0.10000000149011612
None 
0.12639999389648438
0.10000000149011612
0.10639999806880951
0.12060000002384186
0.5475999712944031
0.12620000541210175
0.10819999873638153
0.3499000072479248
0.10000000149011612
0.10000000149011612
0.10000000149011612
0.10090000182390213
0.7353000044822693
0.10819999873638153
0.10729999840259552
0.11559999734163284
0.21819999814033508
