515066.0 24815860
690786.0 18691692
463034.0 23870084
20044042.0 694628796
4413738.0 39413948
17601610.0 400800636
15802442.0 148399164
86006.0 1145956
1445034.0 61079660
1352106.0 95982620
340402.0 8292572
4761834.0 314428700
1207954.0 32297044
546354.0 28666348
879482.0 9900668
304330.0 13738108
180954.0 6971244
92030.0 6366116
1929850.0 24308012
256642.0 9105400
309722.0 16091348
724346.0 35419084
4180410.0 182313404
384162.0 27834404
54674.0 2015236
425186.0 9078148
307586.0 2852396
842098.0 19913820
332258.0 4273708
488154.0 25297164
1790058.0 67313420
6018826.0 129176444
187010.0 7985452
73550.0 3794548
709258.0 19555092
176874.0 2591108
1612538.0 41792396
403874.0 8351148
478554.0 11120300
109046.0 2498552
104146.0 2513772
163298.0 6619228
569090.0 25395684
108738.0 12938484
2070026.0 53310652
1084234.0 10397420
36634.0 6681708
91834.0 2531356
2043786.0 34501404
130362.0 2498324
161218.0 2559788
178090.0 6889324
604050.0 31519572
453322.0 15210692
77394.0 3926908
62158.0 1992128
225010.0 2730860
661194.0 29226948
70230.0 3812708
358122.0 4134708
603202.0 29110700
62430.0 3951624
33662.0 6249788
54830.0 6197184
464090.0 31509820
441602.0 25291476
880050.0 21659924
274402.0 3967804
550530.0 13821380
214746.0 14022876
297778.0 2900316
425818.0 14870324
469426.0 6301812
902938.0 88183900
4278762.0 252336412
70094.0 2007896
196562.0 17829132
61086.0 833156
34570.0 746472
312250.0 4043156
42862.0 796740
822034.0 30972564
131326.0 7695356
447146.0 14123964
125854.0 2532152
833002.0 16054884
862106.0 31053212
352586.0 23297028
349226.0 4256084
271882.0 16015780
109282.0 8445620
394970.0 8333572
