-0.3203682810430813
-0.6456566328895721
-0.3222598330430813
10000000000.0
-0.7480620838393249
10000000000.0
-0.13242166892916868
-0.7480880974127655
-0.6594406963555145
-0.1769147577302551
-0.7734848592711029
10000000000.0
-0.3054059130430813
-0.6931172833052673
-0.7178386455082549
-0.3425237850430813
-0.770877520277893
-0.5660077717050247
-0.3213839770430813
-0.35178920104308126
-0.7358373199549713
-0.2991618330430813
10000000000.0
-0.7129111757112426
-0.7300395429536133
-0.35184370504308127
-0.7722552044618682
-0.7504523563951111
-0.3614525850430813
-0.31940567304308126
-0.23537316104308126
-0.5803670939087983
-0.3540290970430813
-0.36241090504308127
-0.332009815140501
-0.6780677940135802
-0.2930652068734722
-0.6983276887126006
-0.7326194018024443
-0.7411828760395964
-0.6952324514605102
-0.4853515365231933
-0.5263386397438354
-0.7162430476211852
-0.7230686815136871
-0.8016851590653991
-0.3582465862196769
-0.36493728904308126
-0.3009971930430813
-0.5502233539359589
-0.36488042504308127
-0.7714613465259094
-0.3069608570430813
-0.6727785986431274
-0.6881361801948394
-0.3770057433240833
-0.3645382810430813
-0.5221060967902221
-0.3623745850430813
-0.3770605837746944
-0.4746686098800659
-0.3676267527760525
-0.43247042677042385
-0.3699956341612644
-0.7411203615354156
-0.31941704904308127
-0.3266801530430813
-0.7075144046838684
-0.3772172418024444
-0.3583342499025802
-0.37791936659809877
-0.37126935121560284
-0.39498637186105345
-0.1936322010430813
10000000000.0
-0.38446420372753903
-0.3343417370430813
-0.3728136866481666
-0.3829270560166893
-0.6752336679060822
-0.38674652378847124
-0.31379487111546706
-0.5295392930735474
-0.34175207304308125
-0.36493569704308126
-0.3378902330430813
-0.30852357727673146
-0.7681159471375885
-0.3672278311154671
-0.3430784388818168
-0.364028758139143
-0.43607285469823454
