0.5649999976158142
0.10000000149011612
0.10000000149011612
0.21719999611377716
0.10000000149011612
None 
0.31279999017715454
0.10000000149011612
0.10040000081062317
None 
None 
0.16990000009536743
0.5958999991416931
0.10000000149011612
0.22010000050067902
None 
0.10000000149011612
0.6503000259399414
0.1932000070810318
0.41690000891685486
0.1906999945640564
0.5212000012397766
0.6710000038146973
0.12439999729394913
0.11829999834299088
0.13169999420642853
0.6769999861717224
0.3962000012397766
0.6639999747276306
0.5856999754905701
0.47049999237060547
0.38040000200271606
0.6751000285148621
0.7091000080108643
0.10000000149011612
0.6017000079154968
0.12460000067949295
0.41999998688697815
0.5835999846458435
0.13860000669956207
None 
0.10639999806880951
0.25459998846054077
0.10859999805688858
0.12729999423027039
0.7307000160217285
0.2994999885559082
0.10000000149011612
0.7161999940872192
0.6148999929428101
0.7092000246047974
0.11349999904632568
0.09809999912977219
0.10000000149011612
None 
0.7160999774932861
0.10000000149011612
0.1031000018119812
0.18209999799728394
0.3111000061035156
0.10000000149011612
0.1785999983549118
0.10000000149011612
0.10000000149011612
0.12039999663829803
None 
0.21410000324249268
0.1956000030040741
0.6888999938964844
0.1103999987244606
0.506600022315979
0.37220001220703125
None 
0.6395999789237976
0.5570999979972839
0.10170000046491623
0.4390000104904175
0.13379999995231628
0.20669999718666077
0.10000000149011612
None 
0.2865000069141388
0.3610999882221222
None 
0.1462000012397766
0.14920000731945038
0.09539999812841415
0.6043000221252441
0.10000000149011612
0.6754000186920166
0.6276000142097473
None 
0.10000000149011612
0.1429000049829483
0.2223999947309494
0.13840000331401825
0.6477000117301941
None 
0.6940000057220459
0.1251000016927719
None 
0.6118000149726868
0.18559999763965607
0.6922000050544739
0.10000000149011612
0.19990000128746033
0.2549000084400177
0.28439998626708984
0.10000000149011612
0.13490000367164612
0.10000000149011612
0.6924999952316284
0.5691999793052673
0.6715999841690063
0.12860000133514404
0.19130000472068787
0.20270000398159027
0.10000000149011612
0.13130000233650208
0.713699996471405
0.16769999265670776
0.11559999734163284
0.11479999870061874
0.10000000149011612
0.38449999690055847
0.10119999945163727
0.6018999814987183
0.11890000104904175
0.7404000163078308
0.10180000215768814
0.48989999294281006
0.18459999561309814
0.20440000295639038
0.10000000149011612
0.21969999372959137
None 
None 
0.5163000226020813
0.29980000853538513
0.37229999899864197
0.13590000569820404
0.10000000149011612
0.6342999935150146
None 
0.10260000079870224
None 
0.37880000472068787
0.10000000149011612
0.4966000020503998
0.20489999651908875
0.10000000149011612
0.10000000149011612
0.6431000232696533
0.13220000267028809
0.5403000116348267
0.6784999966621399
0.34779998660087585
0.1274999976158142
0.7325999736785889
0.37049999833106995
None 
0.12129999697208405
0.7497000098228455
0.36640000343322754
0.30489999055862427
0.5627999901771545
0.4968999922275543
0.7141000032424927
0.7591000199317932
0.6776999831199646
None 
None 
0.3102000057697296
0.5685999989509583
0.6559000015258789
None 
None 
None 
0.11410000175237656
0.321399986743927
0.7246999740600586
0.18649999797344208
0.10000000149011612
0.10000000149011612
None 
0.10000000149011612
0.5672000050544739
0.10019999742507935
0.1160999983549118
0.7303000092506409
None 
0.2858999967575073
0.45739999413490295
0.10000000149011612
0.10400000214576721
0.6675999760627747
0.31679999828338623
None 
0.1088000014424324
0.7074000239372253
