38100490.0 2478655292.0
377114.0 8366068.0
9631178.0 241364444.0
483970.0 16322412.0
1366714.0 42369468.0
3914410.0 343660476.0
3766682.0 102365676.0
60190.0 831412.0
3110954.0 784678236.0
6678730.0 63661148.0
183822.0 3113468.0
857530.0 43648236.0
1521994.0 32923628.0
773882.0 25804684.0
3655226.0 84503980.0
42314.0 795768.0
1478058.0 22737516.0
43862.0 3914328.0
161250.0 6161984.0
150578.0 9354724.0
130342.0 2342412.0
1435290.0 33014828.0
2143482.0 43737948.0
1143018.0 31616332.0
594034.0 11258180.0
1761658.0 23851244.0
4907658.0 124905308.0
3305738.0 61680556.0
619490.0 11802524.0
914890.0 154145228.0
28918.0 1032060.0
3353514.0 138797692.0
175054.0 8493848.0
2880170.0 122561628.0
170194.0 3970368.0
69210.0 2006052.0
5936234.0 273156348.0
17196234.0 1350141948.0
17041258.0 721103676.0
4908730.0 183769564.0
13169418.0 2377827772.0
343306.0 21016220.0
2652026.0 97091420.0
1123162.0 88624796.0
105046.0 3840028.0
1758122.0 23417676.0
212926.0 13654888.0
377370.0 8982460.0
192762.0 4615524.0
22270858.0 236589564.0
56746.0 6366640.0
70458.0 2896060.0
236546.0 2710524.0
2492858.0 34316476.0
188074.0 6909292.0
933690.0 32180428.0
553898.0 51416732.0
2063642.0 131688732.0
44256202.0 2140564604.0
488666.0 67387964.0
5572522.0 382007772.0
3004362.0 138099452.0
8789642.0 388439932.0
47866.0 6348784.0
2819930.0 97924444.0
777330.0 12290676.0
717778.0 40888212.0
4254074.0 80040380.0
270602.0 22736860.0
13648778.0 311393820.0
675378.0 11913628.0
556434.0 15417116.0
838522.0 79849980.0
1310314.0 80793324.0
42462.0 2200548.0
430162.0 18373484.0
988586.0 39881700.0
443610.0 15191732.0
985050.0 60159868.0
55385482.0 2178739900.0
1567626.0 69543948.0
4711946.0 58391388.0
3198762.0 69912492.0
3046762.0 85163484.0
4918074.0 140587948.0
748634.0 30827228.0
1344218.0 52622332.0
359002.0 16190084.0
120986.0 2323920.0
803698.0 12343380.0
565898.0 11867820.0
4526394.0 161367260.0
267002.0 28107748.0
353690.0 8849820.0
468754.0 6300468.0
1246650.0 134585004.0
1096154.0 20651788.0
5314090.0 127429084.0
111178.0 4313448.0
47321802.0 1332827004.0
180210.0 3918364.0
9553642.0 183905180.0
325066.0 6072972.0
6630122.0 345937052.0
27728458.0 3151609980.0
262346.0 7011168.0
1589738.0 15898348.0
62870.0 6142352.0
376890.0 31169276.0
268474.0 6426832.0
580938.0 18801012.0
27097866.0 2723882044.0
8550090.0 476756028.0
2424138.0 157495916.0
34659658.0 1814217020.0
323862.0 10569044.0
185738.0 8463900.0
5706122.0 472148540.0
8315626.0 301098812.0
146594.0 2374992.0
274250.0 7358372.0
1963930.0 43378652.0
216114.0 8440500.0
349682.0 18010124.0
1738586.0 60473404.0
298074.0 2833572.0
2861402.0 114770588.0
197058.0 2631708.0
479946.0 6146948.0
50567562.0 2452625468.0
220898.0 2790300.0
1180938.0 97039068.0
4957770.0 163348316.0
46109834.0 2160189500.0
45886.0 3721996.0
102754.0 6387520.0
63258.0 6935548.0
10943050.0 139030716.0
1219658.0 119783260.0
136474.0 12993644.0
764170.0 25313940.0
4211546.0 105401916.0
14648458.0 394896444.0
735578.0 52198732.0
149670.0 7910208.0
55846.0 1592904.0
3573482.0 62215532.0
5671242.0 344589756.0
94290.0 3746732.0
1392170.0 43740844.0
175266.0 10513460.0
108078.0 7493056.0
470266.0 8483876.0
661930.0 29227748.0
6061450.0 91429500.0
201890.0 34374580.0
112922.0 1706652.0
73370.0 6100576.0
18318090.0 2150042364.0
154674.0 9363300.0
106898.0 6167664.0
148730.0 8441156.0
65810.0 3779080.0
616138.0 51960188.0
1133738.0 97130364.0
7676426.0 180456572.0
69208458.0 2144802684.0
1129034.0 35937676.0
1303818.0 15735084.0
107430.0 6168748.0
62142.0 6733088.0
61186.0 5608392.0
35542794.0 2803115004.0
171242.0 2424216.0
161982.0 3742952.0
1953706.0 45688924.0
2544586.0 98670012.0
1190450.0 41298076.0
4221162.0 105421516.0
3578186.0 524134012.0
691458.0 34904004.0
14407530.0 715836348.0
34996490.0 1895668156.0
232722.0 18925108.0
188026.0 2613556.0
12429898.0 557215772.0
77348874.0 3250851132.0
1234490.0 108449084.0
181314.0 13548332.0
206746.0 10900660.0
1987626.0 83283356.0
1755978.0 153606204.0
26144714.0 1518563196.0
195966.0 3137732.0
11781770.0 556617820.0
419906.0 21698588.0
130354.0 2565980.0
306786.0 21472668.0
814002.0 15646236.0
1014298.0 73745628.0
505418.0 11080892.0
3926794.0 463213436.0
7572106.0 390575932.0
1737498.0 95060444.0
399386.0 8806876.0
33963338.0 722467068.0
17589450.0 400776188.0
58510.0 8260928.0
95994.0 3021348.0
1694778.0 153118572.0
73942.0 6682248.0
2394794.0 55097404.0
26851530.0 1698887228.0
6188074.0 324638940.0
6972490.0 93254012.0
25818.0 3609956.0
1062146.0 24967836.0
2719818.0 47221148.0
108886.0 5639736.0
15186474.0 632929468.0
44930.0 6272080.0
3507466.0 63216460.0
291594.0 28487476.0
254802.0 11321460.0
71355786.0 2488887676.0
100794.0 3671428.0
4731210.0 126698972.0
12063242.0 1339876156.0
1705066.0 44366892.0
376970.0 28327428.0
26283786.0 2164576252.0
507538.0 17082196.0
14152202.0 1266489788.0
316586.0 7166076.0
1650682.0 16428636.0
48919498.0 2500292988.0
5208202.0 163065196.0
108642.0 12938396.0
282470.0 8108872.0
53190.0 3753996.0
204138.0 13537356.0
109294.0 2456480.0
3561386.0 598433692.0
123002.0 6199856.0
1720538.0 98117772.0
773610.0 26039228.0
193402.0 7978976.0
2995626.0 141258348.0
540858.0 9310364.0
73034.0 2013844.0
20583306.0 496519804.0
567042.0 21464084.0
4616394.0 697017692.0
3602298.0 79838508.0
1820074.0 120443068.0
136898.0 3149360.0
106898.0 22806332.0
109566.0 3094932.0
1652010.0 120540604.0
2668298.0 68851948.0
116366.0 4620108.0
12090090.0 463715452.0
258290.0 25305940.0
172138.0 5763440.0
