53690.0 1975204
3998666.0 87307196
186678.0 7984168
1800442.0 134354508
705290.0 14232156
13321098.0 1552097276
1202906.0 65920956
761514.0 113062988
122674.0 7677992
4211114.0 170265724
38100490.0 2478655292
1366714.0 42369468
3655226.0 84503980
183822.0 3113468
161250.0 6161984
914890.0 154145228
619490.0 11802524
69210.0 2006052
28918.0 1032060
130342.0 2342412
170194.0 3970368
42314.0 795768
2143482.0 43737948
60190.0 831412
594034.0 11258180
175054.0 8493848
4907658.0 124905308
236546.0 2710524
192762.0 4615524
988586.0 39881700
70458.0 2896060
56746.0 6366640
838522.0 79849980
830058.0 41111756
42462.0 2200548
120986.0 2323920
675378.0 11913628
803698.0 12343380
1246650.0 134585004
105046.0 3840028
4526394.0 161367260
1478058.0 22737516
34222.0 745916
111178.0 4313448
268474.0 6426832
188074.0 6909292
62870.0 6142352
185738.0 8463900
771002.0 26176076
103770.0 6941476
10621514.0 138039356
286410.0 40025612
2652026.0 97091420
212926.0 13654888
53379466.0 1074173500
96902.0 4875932
107086.0 6104044
47866.0 6348784
556434.0 15417116
443610.0 15191732
270602.0 22736860
45886.0 3721996
377370.0 8982460
2117402.0 121038828
377114.0 8366068
14652298.0 808556540
1096154.0 20651788
113478.0 3102692
1070202.0 96817388
274250.0 7358372
711786.0 25209284
255562.0 16946964
15635530.0 397481596
773882.0 25804684
565898.0 11867820
553898.0 51416732
1963930.0 43378652
43862.0 3914328
343306.0 21016220
325066.0 6072972
4908730.0 183769564
468754.0 6300468
376890.0 31169276
5936234.0 273156348
3046762.0 85163484
479946.0 6146948
242666.0 2722548
1738586.0 60473404
136474.0 12993644
359002.0 16190084
985050.0 60159868
47321802.0 1332827004
777330.0 12290676
375570.0 18264380
262346.0 7011168
6678730.0 63661148
220898.0 2790300
13648778.0 311393820
1133738.0 97130364
470266.0 8483876
1921098.0 310841756
483970.0 16322412
216114.0 8440500
580938.0 18801012
323862.0 10569044
353690.0 8849820
1922666.0 118663676
3766682.0 102365676
97506.0 1194920
106898.0 6167664
197058.0 2631708
3004362.0 138099452
55846.0 1592904
2819930.0 97924444
108078.0 7493056
148730.0 8441156
1310314.0 80793324
154674.0 9363300
107430.0 6168748
201890.0 34374580
3198762.0 69912492
1143018.0 31616332
171242.0 2424216
62142.0 6733088
3320778.0 55608860
94290.0 3746732
102754.0 6387520
175266.0 10513460
430162.0 18373484
748634.0 30827228
1392170.0 43740844
65810.0 3779080
73370.0 6100576
2063642.0 131688732
112922.0 1706652
9553642.0 183905180
13169418.0 2377827772
764170.0 25313940
2880170.0 122561628
188026.0 2613556
488666.0 67387964
933690.0 32180428
1180938.0 97039068
17041258.0 721103676
1123162.0 88624796
5671242.0 344589756
1190450.0 41298076
10943050.0 139030716
1567626.0 69543948
181314.0 13548332
661930.0 29227748
61186.0 5608392
691458.0 34904004
298074.0 2833572
1521994.0 32923628
180210.0 3918364
5314090.0 127429084
206746.0 10900660
1758122.0 23417676
250786.0 5864324
8550090.0 476756028
150578.0 9354724
6061450.0 91429500
717778.0 40888212
1953706.0 45688924
3305738.0 61680556
195966.0 3137732
1344218.0 52622332
3353514.0 138797692
1234490.0 108449084
2424138.0 157495916
18318090.0 2150042364
146594.0 2374992
419906.0 21698588
814002.0 15646236
3110954.0 784678236
3578186.0 524134012
7676426.0 180456572
857530.0 43648236
1219658.0 119783260
1303818.0 15735084
39170.0 1052456
1987626.0 83283356
505418.0 11080892
1694778.0 153118572
58510.0 8260928
62950.0 836740
742890.0 25742876
1761658.0 23851244
2719818.0 47221148
17196234.0 1350141948
4731210.0 126698972
349682.0 18010124
2544586.0 98670012
254802.0 11321460
73942.0 6682248
112370.0 2306416
35542794.0 2803115004
1129034.0 35937676
953690.0 9914332
