-0.6915495903310699
-0.19538560904308128
-0.3540316650430813
-0.183330981279644
-0.3415356890430813
10000000000.0
-0.38711808112400814
-0.14387402504308128
-0.3549240165674362
10000000000.0
10000000000.0
-0.33419106406675714
-0.5481220393991851
-0.36377306504308127
-0.4417460323504753
10000000000.0
-0.34639495304308127
-0.751197914157959
-0.4331758849567222
-0.5871451822417983
-0.42554926019483946
-0.6632484648678436
-0.6822241066702881
-0.38541717410576437
-0.3602936388400936
-0.37520229994449994
-0.5240893743202056
-0.5719189528678437
-0.7555689343093414
-0.630226582843399
-0.6235578746594238
-0.5535467214019012
-0.6128700599604034
-0.714146493607605
-0.3655989050430813
-0.7165421655408477
-0.36339274447564507
-0.5693132308208847
-0.43934998125209046
-0.38933994868969346
10000000000.0
-0.3290049666481666
-0.4767281599223785
-0.367393102639822
-0.37625633196118924
-0.79767142721521
-0.4973652879891357
-0.3530722010430813
-0.7489878438610535
-0.716547043059967
-0.5203613052233581
-0.299398775332428
-0.17448715939084053
-0.3426902250430813
10000000000.0
-0.7915181202453002
-0.3577919130430813
-0.35947243326838685
-0.39663576659809874
-0.487386540272461
-0.3245262810430813
-0.4175760068484382
-0.3520350810430813
-0.1279223450430813
-0.3675478616468086
10000000000.0
-0.4085664262697448
-0.43071461810285183
-0.588595219727539
-0.3625632551071224
-0.6042014476211852
-0.5266460805449218
10000000000.0
-0.6961106172466582
-0.6662343585980988
-0.2683565363254413
-0.5205427033432922
-0.3858313439666214
-0.4026575580306625
-0.35785405704308126
10000000000.0
-0.48794906883989714
-0.49043143975548553
10000000000.0
-0.2320130328678436
-0.39214610912361525
-0.3613349026898899
-0.6020632074876708
-0.3440127130430813
-0.7403998450844116
-0.619000273946823
10000000000.0
-0.3454186490430813
-0.3635012434880638
-0.4416576603116646
-0.26955770631981274
-0.7478094082111358
10000000000.0
-0.5915392760054321
-0.37060224918494034
10000000000.0
-0.6956151864808806
-0.4130389983477592
-0.7469379795381317
-0.3488619130430813
-0.4222303609012222
-0.2411026539080124
-0.2943486383869629
-0.3676101610430813
-0.3820946745701523
-0.3647365850430813
-0.5085510926621398
-0.6952541775136871
-0.5742711009183045
-0.3750338889346008
-0.4170276913044815
-0.2803033547871132
-0.3512734010430813
-0.37957250563555145
-0.7308408375299835
-0.2775650108596954
-0.31768733413914296
-0.3755115670904331
-0.3565338250430813
-0.4579322778303909
-0.36334653561614605
-0.7085549470491027
-0.3622030807343292
-0.7815330434154815
-0.30960554551038166
-0.555448307059967
-0.4216618369291687
-0.43087885006947324
-0.10662253704308128
-0.4503766916107139
10000000000.0
10000000000.0
-0.6107821358214569
-0.2647367499747696
-0.5553828872990494
-0.26035407598874283
-0.30563914504308126
-0.5499318594605103
10000000000.0
-0.19457040855909152
10000000000.0
-0.4825638513044815
-0.09193856904308129
-0.5085321054352798
-0.4163333335633621
-0.3115445050430813
-0.3587832170430813
-0.6803620082887574
-0.3868728578692016
-0.6123627521443786
-0.7671132696634979
-0.28860182262061307
-0.3674486783310699
-0.7659846295750121
-0.5476213508317489
10000000000.0
-0.3662005498804588
-0.6419310068759918
-0.4747035784032593
-0.42205214539103697
-0.5705988811240081
-0.641554530559288
-0.6946253382697448
-0.5537746299522552
-0.5574918201839753
10000000000.0
10000000000.0
-0.5123900200388107
-0.6546228232656708
-0.7278375290681152
10000000000.0
10000000000.0
10000000000.0
-0.2925735292266636
-0.2854134707207489
-0.7758198138420409
-0.42844508658140945
-0.20343328904308128
-0.34783821704308127
10000000000.0
-0.3534781450430813
-0.6953665235381317
-0.31865424619755556
-0.3335675108484383
-0.7167677104754486
10000000000.0
-0.2467320537302551
-0.584159747894432
-0.17265997704308128
-0.350157081502037
-0.7539554872439422
-0.5171471667983704
10000000000.0
-0.30428464900970265
-0.7753513527560577
