26028964.0 930159576.0
2022468.0 337289656.0
59760.0 4507248.0
26226404.0 1499854808.0
698292.0 86720744.0
1071460.0 95421272.0
1106228.0 81285160.0
115128.0 3106288.0
134552.0 4554068.0
10075268.0 173582872.0
566580.0 40050672.0
3279028.0 62591480.0
215180.0 8523296.0
133240.0 3142448.0
6521028.0 231313304.0
13688580.0 698615224.0
2834900.0 78304808.0
3590740.0 63213784.0
3244820.0 101573544.0
89712.0 1597512.0
4769668.0 438791448.0
310644.0 8713848.0
1882036.0 157565224.0
1171700.0 106209800.0
3754724.0 56682360.0
378396.0 15828920.0
473764.0 6194928.0
50804.0 6189408.0
2646468.0 82487768.0
79372.0 3931304.0
3059412.0 68244392.0
272364.0 9058060.0
3460804.0 47878472.0
3997028.0 63063368.0
16723908.0 488806904.0
12089188.0 1849854040.0
11989124.0 545460088.0
20008292.0 1069576344.0
2471172.0 445076440.0
62816.0 1125904.0
3466148.0 142549192.0
1421956.0 10850440.0
1753124.0 152230440.0
1523060.0 69456216.0
162924.0 13046928.0
148340.0 5716332.0
638876.0 21608304.0
11224612.0 431015000.0
115804.0 7641644.0
8467972.0 392368632.0
67928.0 2042164.0
2702788.0 47186616.0
967252.0 88029912.0
2540564.0 116620536.0
1572020.0 52114184.0
58396.0 1984912.0
140140.0 22873032.0
15120676.0 2380271384.0
1225700.0 52385800.0
2760228.0 69036168.0
150728.0 2344264.0
321900.0 14237664.0
326996.0 18090192.0
56748516.0 1556904216.0
8328516.0 277941528.0
1086860.0 20633552.0
320444.0 6004224.0
87724.0 7767900.0
26563748.0 245590872.0
77648.0 4837504.0
89664.0 4422208.0
163080.0 3884404.0
53152.0 817720.0
913628.0 15845896.0
54088.0 3880996.0
885508.0 59961448.0
252792.0 6345448.0
147084.0 5059944.0
21593572.0 402508984.0
73526564.0 2545197656.0
138720.0 1695576.0
14677860.0 802477016.0
8573732.0 243443960.0
43374820.0 1581685208.0
14833284.0 634654904.0
121364.0 3118732.0
15767972.0 315633336.0
273380.0 4104480.0
5878340.0 419687032.0
12951524.0 331278744.0
124172.0 1696380.0
1830020.0 82099688.0
191524.0 6916536.0
4031204.0 234360888.0
150320.0 6604480.0
100740.0 5565144.0
11625316.0 1012767512.0
970628.0 26198456.0
546420.0 154528712.0
4015076.0 373633752.0
127536.0 2337104.0
603556.0 21461856.0
233044.0 8474488.0
1926180.0 70667656.0
13677188.0 543699320.0
555516.0 20893952.0
1646292.0 76112392.0
42564.0 762812.0
4518308.0 227308280.0
708644.0 12153432.0
50008.0 2855628.0
175332.0 10421960.0
724436.0 41084952.0
4327716.0 202776568.0
54388.0 1162132.0
51008.0 6589064.0
10341348.0 327681400.0
54228.0 4200124.0
721604.0 11852384.0
16292932.0 719606680.0
11836964.0 141011800.0
501284.0 14131560.0
300580.0 17037264.0
16094180.0 1349073496.0
1145700.0 32436408.0
35211172.0 1896095384.0
18610020.0 2767725848.0
7840196.0 207733112.0
167480.0 9211156.0
52360.0 1079208.0
1998980.0 76632152.0
10767332.0 1766435224.0
422836.0 18484560.0
6585476.0 324965112.0
701340.0 40856032.0
57719332.0 2123092696.0
8936676.0 267479224.0
153828.0 3183564.0
162588.0 7869032.0
15881284.0 487121272.0
51809380.0 2834123544.0
806940.0 40180000.0
513572.0 11437088.0
133964.0 5631632.0
4179108.0 57532344.0
50200.0 2052360.0
136860.0 4365076.0
118680.0 2983392.0
4965444.0 58898072.0
9578404.0 330951192.0
509572.0 19249168.0
69736.0 7549536.0
7145156.0 685526392.0
2839684.0 100356632.0
609164.0 29123080.0
103332.0 4914692.0
54066532.0 1255833048.0
270428.0 14134448.0
3137620.0 69790520.0
362668.0 11213128.0
134912.0 5893608.0
86932.0 7606916.0
553012.0 8862176.0
5251332.0 374397400.0
73665892.0 2544143512.0
41769892.0 2089930584.0
41444516.0 1215213528.0
28829028.0 2169666200.0
1297236.0 97457320.0
23121444.0 1859837592.0
884756.0 81935000.0
2886580.0 78408264.0
28412708.0 516474776.0
80680.0 4404232.0
21991076.0 2774486872.0
48772.0 1125228.0
3981156.0 234260408.0
44887844.0 1565112984.0
984836.0 24813648.0
49848.0 1074136.0
983948.0 40350944.0
42117860.0 1933625688.0
1937012.0 95459736.0
777140.0 31969160.0
55978020.0 2456800856.0
631628.0 31408960.0
303716.0 40060776.0
1652772.0 120109272.0
73187684.0 3173325144.0
3410756.0 198876408.0
62372.0 3827132.0
7498148.0 479367384.0
200000.0 7944412.0
2883828.0 102747320.0
20345572.0 3067644376.0
470836.0 24144544.0
46776740.0 1535825752.0
781004.0 30757904.0
30934820.0 2129840024.0
11963556.0 484250904.0
695156.0 26202736.0
12544676.0 1475770456.0
91636.0 2421632.0
297948.0 25385280.0
78580.0 6410676.0
378556.0 8900544.0
20788516.0 412432600.0
103272.0 2444852.0
1113956.0 87268344.0
60965604.0 2791617624.0
13821604.0 2034031192.0
269444.0 8295408.0
50356.0 778348.0
20806244.0 1685529624.0
4003172.0 157735064.0
34879844.0 831128024.0
861492.0 14442520.0
5968644.0 230208344.0
274668.0 4158824.0
7088612.0 397558008.0
13833988.0 271445368.0
5503428.0 104281528.0
325900.0 7184992.0
66104.0 4898164.0
176340.0 5599568.0
842748.0 35206864.0
28210020.0 1503821144.0
74436.0 6883248.0
69232.0 849736.0
289980.0 8673008.0
18229604.0 324586904.0
102004.0 22400120.0
67097700.0 1982515672.0
137064.0 7684352.0
1113780.0 74862728.0
261828.0 13709808.0
474436.0 6136608.0
119884.0 4524672.0
30355812.0 2410743640.0
225916.0 13638152.0
38091364.0 1924506072.0
68804.0 7649692.0
462284.0 17360600.0
14075364.0 393753048.0
173652.0 10268612.0
166172.0 5696256.0
88208.0 5364684.0
899716.0 41252232.0
3777812.0 102387912.0
177204.0 7088416.0
50944100.0 1915480536.0
54233572.0 2176434776.0
3876516.0 172855320.0
2417748.0 109018568.0
7605892.0 454748888.0
