9298660.0 279071992
2081476.0 94509224
2651812.0 67211032
36112740.0 1886885080
335812.0 8215248
2279300.0 101788904
4097716.0 156919416
194460.0 5752720
17319876.0 722426776
15055908.0 2760615640
26028964.0 930159576
134552.0 4554068
59760.0 4507248
1106228.0 81285160
1071460.0 95421272
79372.0 3931304
3059412.0 68244392
89712.0 1597512
3244820.0 101573544
473764.0 6194928
6521028.0 231313304
1572020.0 52114184
8467972.0 392368632
37568.0 808072
893284.0 9928360
62816.0 1125904
698292.0 86720744
67928.0 2042164
115128.0 3106288
133240.0 3142448
58396.0 1984912
2540564.0 116620536
54088.0 3880996
2471172.0 445076440
53152.0 817720
89664.0 4422208
77648.0 4837504
2702788.0 47186616
669956.0 9482504
885508.0 59961448
121364.0 3118732
148340.0 5716332
3460804.0 47878472
1225700.0 52385800
8573732.0 243443960
14677860.0 802477016
124172.0 1696380
1830020.0 82099688
163080.0 3884404
87724.0 7767900
273380.0 4104480
970628.0 26198456
3754724.0 56682360
2434740.0 99546824
45379748.0 2158730008
1753124.0 152230440
2349300.0 154427496
73526564.0 2545197656
252792.0 6345448
20008292.0 1069576344
147084.0 5059944
50804.0 6189408
225936.0 5698868
2424148.0 122191176
11224612.0 431015000
52360.0 1079208
320444.0 6004224
546420.0 154528712
42564.0 762812
310644.0 8713848
120708.0 13371176
205004.0 27318352
16052068.0 811361496
3997028.0 63063368
50008.0 2855628
150320.0 6604480
10767332.0 1766435224
54388.0 1162132
26563748.0 245590872
4240772.0 58786712
233044.0 8474488
1711060.0 70237112
422836.0 18484560
15120676.0 2380271384
150728.0 2344264
2760228.0 69036168
6651716.0 175147352
43374820.0 1581685208
4965444.0 58898072
54228.0 4200124
2276196.0 97829592
708644.0 12153432
701340.0 40856032
480324.0 31376440
127536.0 2337104
4404164.0 253021560
138720.0 1695576
724436.0 41084952
215180.0 8523296
18049636.0 232913816
2943764.0 83082728
57719332.0 2123092696
162588.0 7869032
1957780.0 120719304
154888.0 6844548
19508708.0 628123128
75298852.0 3177547800
270428.0 14134448
153828.0 3183564
134912.0 5893608
378396.0 15828920
115804.0 7641644
1145700.0 32436408
133964.0 5631632
6590372.0 273963768
3990532.0 204470968
28829028.0 2169666200
12951524.0 331278744
103332.0 4914692
166856.0 7926312
127324.0 13441064
833756.0 12404080
913628.0 15845896
272364.0 9058060
2324980.0 46431592
191524.0 6916536
50200.0 2052360
321900.0 14237664
136860.0 4365076
49848.0 1074136
6747300.0 618485080
6996068.0 787115736
11836964.0 141011800
16094180.0 1349073496
609164.0 29123080
100740.0 5565144
80680.0 4404232
638876.0 21608304
1882036.0 157565224
300580.0 17037264
884756.0 81935000
48772.0 1125228
86932.0 7606916
13702372.0 456655224
69736.0 7549536
10075268.0 173582872
501284.0 14131560
7367236.0 386860024
49608.0 1126816
4015076.0 373633752
13677188.0 543699320
631628.0 31408960
179724.0 2708200
4031204.0 234360888
3137620.0 69790520
4769668.0 438791448
326996.0 18090192
303716.0 40060776
1937012.0 95459736
3466148.0 142549192
362668.0 11213128
73665892.0 2544143512
4179108.0 57532344
603556.0 21461856
51008.0 6589064
1998980.0 76632152
91636.0 2421632
555516.0 20893952
62372.0 3827132
566580.0 40050672
7498148.0 479367384
513572.0 11437088
5251332.0 374397400
6585476.0 324965112
2839684.0 100356632
167480.0 9211156
118680.0 2983392
44887844.0 1565112984
11963556.0 484250904
51052.0 813444
470836.0 24144544
394268.0 10859248
140140.0 22873032
3279028.0 62591480
378556.0 8900544
695156.0 26202736
14833284.0 634654904
1421956.0 10850440
806940.0 40180000
175332.0 10421960
1297236.0 97457320
777140.0 31969160
162924.0 13046928
200000.0 7944412
30934820.0 2129840024
12544676.0 1475770456
78580.0 6410676
3590740.0 63213784
553012.0 8862176
33944356.0 950209880
984836.0 24813648
103272.0 2444852
46776740.0 1535825752
3410756.0 198876408
15767972.0 315633336
12089188.0 1849854040
509500.0 20801984
3981156.0 234260408
50356.0 778348
269444.0 8295408
2883828.0 102747320
60965604.0 2791617624
1523060.0 69456216
8936676.0 267479224
297948.0 25385280
1171700.0 106209800
1646292.0 76112392
2022468.0 337289656
2886580.0 78408264
721604.0 11852384
41444516.0 1215213528
66104.0 4898164
176340.0 5599568
5968644.0 230208344
53408.0 806120
3548260.0 63128808
73187684.0 3173325144
842748.0 35206864
20345572.0 3067644376
509572.0 19249168
374228.0 4306416
861492.0 14442520
5878340.0 419687032
56748516.0 1556904216
35211172.0 1896095384
8328516.0 277941528
1086860.0 20633552
74436.0 6883248
28412708.0 516474776
16292932.0 719606680
4518308.0 227308280
1926180.0 70667656
967252.0 88029912
274668.0 4158824
69232.0 849736
474436.0 6136608
7145156.0 685526392
378804.0 7290600
5503428.0 104281528
173652.0 10268612
11989124.0 545460088
983948.0 40350944
67097700.0 1982515672
7840196.0 207733112
7157028.0 319687768
38091364.0 1924506072
225916.0 13638152
88208.0 5364684
289980.0 8673008
166172.0 5696256
4327716.0 202776568
7088612.0 397558008
68804.0 7649692
899716.0 41252232
261828.0 13709808
13821604.0 2034031192
1652772.0 120109272
119884.0 4524672
54066532.0 1255833048
20788516.0 412432600
10341348.0 327681400
2646468.0 82487768
137064.0 7684352
2834900.0 78304808
781004.0 30757904
