10000000000.0
-0.24181155532117082
-0.1725779358435378
10000000000.0
-0.3044295037684359
-0.10342219184353778
10000000000.0
-0.29549455984353784
10000000000.0
10000000000.0
10000000000.0
-0.29789186384353783
-0.29798550384353784
-0.14442967984353777
-0.1809074553741512
-0.3104773921376867
-0.42909122641412345
-0.3062549762451241
-0.10686291194575975
-0.2946101438435378
10000000000.0
-0.44532163183310697
10000000000.0
-0.3032838561512468
-0.34475327846458437
-0.3919681910153312
-0.13355851184353779
-0.30284567196244905
-0.32913742523083594
-0.30071510384353783
-0.3030301758435378
-0.3107789281001358
-0.30588800828163193
10000000000.0
-0.3080245598883903
-0.2998355842492964
-0.2997749922451241
-0.2126267678435378
-0.30574499305142594
-0.31874710443392185
-0.30153253583936546
-0.29556733584353784
-0.46772305172753903
-0.5005683950265885
10000000000.0
10000000000.0
-0.3036072398435378
-0.14266062408136035
-0.3810611936522407
-0.29118420031918285
-0.35507104202775003
-0.2544630880813603
-0.1936352798435378
-0.35409635086512753
10000000000.0
10000000000.0
10000000000.0
10000000000.0
-0.35401910150494953
10000000000.0
-0.2983501119541044
-0.2963011842492964
-0.2956022638435378
-0.22389764898466874
10000000000.0
-0.3071515838310208
-0.2949915518435378
10000000000.0
-0.305894375781996
-0.2895723038435378
-0.35557764897632405
-0.253693296191927
10000000000.0
-0.1848632635848536
-0.41811874356607814
-0.4201410442557716
10000000000.0
-0.3046757358435378
10000000000.0
-0.4513665807063827
-0.2900510238435378
-0.16757577601564622
-0.26968087978616834
10000000000.0
-0.43447147029769134
-0.3592576560558929
10000000000.0
10000000000.0
-0.18920385584353783
-0.3198797508985062
-0.2849408064870987
-0.2869631364130602
-0.22521793596244907
-0.3927871243725967
-0.34579579101533126
10000000000.0
-0.30353884796244907
-0.2248300958435378
-0.2893234082618134
10000000000.0
-0.14083454384353777
10000000000.0
-0.4500219360500679
-0.06815139200730158
-0.29303090431918283
10000000000.0
10000000000.0
-0.2781011042618134
-0.31960287091102313
-0.31425278409596347
-0.2751321602002716
-0.2917167118435378
-0.2417071839050796
-0.2956667359624491
10000000000.0
10000000000.0
10000000000.0
10000000000.0
-0.3139706172934208
-0.2927573757162819
-0.2883078722732873
-0.2821918398435378
-0.2753082078435378
-0.28937388031501055
-0.23289681657160852
-0.34139692936017796
-0.35588527848961826
-0.5135146690293045
-0.29917984825346877
-0.30583172813455745
10000000000.0
10000000000.0
-0.2769764033378601
10000000000.0
-0.24889384025764108
-0.29586971184353783
-0.2981915358435378
-0.26378339184353783
10000000000.0
-0.2911254709151955
-0.1501299996870756
-0.310279543576509
-0.2899661680015646
10000000000.0
-0.2919009278435378
10000000000.0
-0.4633268791989135
10000000000.0
-0.3041163682618134
10000000000.0
10000000000.0
-0.2441820798435378
-0.30158359984353783
10000000000.0
-0.16727896008136034
10000000000.0
-0.2708196158435378
-0.22624844826181337
-0.24418053058684158
-0.02148161590507961
-0.35401374453405765
10000000000.0
-0.19214531213872982
-0.2805262885841255
-0.3193718727718801
-0.19216569836153602
-0.3021567358435378
-0.33409209748534774
-0.2993457358435378
-0.22528865597079373
10000000000.0
-0.2841258238435378
10000000000.0
10000000000.0
-0.1348467355702505
-0.2885776878435378
-0.3010332158435378
10000000000.0
10000000000.0
-0.30362311188265334
-0.3271009104061718
-0.2864715037778237
-0.2610439362002716
-0.19196703955147504
-0.2891989118435378
-0.26166452756816433
10000000000.0
-0.2864191198967349
-0.22663999984353778
-0.28734607977782367
-0.11215535972462654
-0.30795168174403187
-0.29679614292771245
-0.33024117456472013
10000000000.0
10000000000.0
-0.38279864985251233
-0.19590243187900253
-0.2892756478435378
10000000000.0
-0.29993270325732607
-0.5332503008732757
10000000000.0
10000000000.0
10000000000.0
10000000000.0
-0.2688960317653067
10000000000.0
-0.3054433038435378
-0.37181918897341154
-0.10822536016272068
10000000000.0
-0.1680875678435378
10000000000.0
-0.2577694398351931
-0.21967040378847122
-0.35994520892373655
10000000000.0
-0.15018347184353778
-0.3962752289792366
10000000000.0
-0.29706367208136036
-0.29552086431918284
10000000000.0
-0.30538775984353783
-0.4258123847677078
10000000000.0
-0.3353562683450432
10000000000.0
-0.2685016638435378
-0.29992716783519313
-0.287074960269115
10000000000.0
10000000000.0
10000000000.0
10000000000.0
-0.35624289855346297
-0.29232350408553265
10000000000.0
10000000000.0
10000000000.0
-0.33954468322686004
-0.13094017584353781
-0.2986823518435378
-0.3057905283150106
-0.36787678475101854
10000000000.0
-0.2924187998435378
-0.3283169484059753
-0.37949277948806376
10000000000.0
-0.3352881144533272
10000000000.0
10000000000.0
10000000000.0
10000000000.0
-0.2797236958435378
-0.2962706318435378
-0.28965398384353785
-0.30281748863419344
10000000000.0
10000000000.0
-0.2917006158435378
-0.28525553563283534
-0.2801403841960992
10000000000.0
-0.24514146447816468
-0.29809065625764103
10000000000.0
10000000000.0
10000000000.0
-0.32115445422006983
-0.2917012957246265
-0.1621503834242191
-0.2671141916078014
