0.009999999776482582
0.00800000037997961
0.009999999776482582
0.014800000004470348
0.010200000368058681
0.009999999776482582
None 
0.20550000667572021
0.016100000590085983
None 
0.010999999940395355
None 
0.017000000923871994
0.00989999994635582
0.010999999940395355
0.025100000202655792
0.007699999958276749
0.07270000129938126
0.009999999776482582
0.009999999776482582
0.009999999776482582
0.12809999287128448
0.009999999776482582
0.009999999776482582
0.009999999776482582
0.009999999776482582
0.11479999870061874
0.009999999776482582
0.009999999776482582
0.010099999606609344
0.015699999406933784
0.11940000206232071
0.013199999928474426
0.00860000029206276
0.009999999776482582
0.009999999776482582
0.009999999776482582
0.009999999776482582
0.023399999365210533
0.009999999776482582
0.009499999694526196
0.02969999983906746
0.009999999776482582
0.009999999776482582
0.1940000057220459
0.009999999776482582
0.010099999606609344
0.15330000221729279
0.009999999776482582
0.009999999776482582
0.010999999940395355
0.0203000009059906
0.010400000028312206
0.008999999612569809
0.009999999776482582
0.009999999776482582
0.014100000262260437
0.009999999776482582
0.009999999776482582
0.009999999776482582
0.1039000004529953
0.01080000028014183
0.010499999858438969
0.009999999776482582
0.12809999287128448
0.009999999776482582
0.20999999344348907
0.01119999960064888
0.08720000088214874
0.1712999939918518
0.008999999612569809
0.030899999663233757
0.009999999776482582
0.032999999821186066
0.009999999776482582
