815756.0 20091280
200948.0 34081256
67392.0 8226956
913108.0 86867496
79044.0 3806068
3880740.0 116508968
42671332.0 1052759512
1228180.0 22238552
2529540.0 122400824
24265636.0 1692447576
98252.0 2064400
5976004.0 272734616
1185780.0 95649832
1359508.0 15438968
204388.0 6942264
1539076.0 32273256
154668.0 5556040
229652.0 9425872
83548.0 4317356
69628.0 4847228
2816100.0 34825928
149556.0 3769152
127156.0 10092620
76068.0 6886528
85196.0 2213012
603436.0 11694824
56024.0 789680
443596.0 11050576
1850052.0 81129624
343124.0 4244144
102160.0 2950552
638380.0 14405712
215540.0 5092620
1097860.0 14915176
205848.0 10483100
227780.0 28509872
932052.0 24808720
760156.0 40437528
117080.0 3064092
877844.0 50926920
1187156.0 57444600
136136.0 10773948
3427844.0 121676376
140824.0 3027680
1194772.0 31583992
23540.0 2923420
104528.0 8353252
294788.0 24375632
232284.0 11201712
716628.0 78628968
1522612.0 96323240
1550036.0 32980472
188116.0 8603704
67540.0 8648468
339932.0 24875856
4422260.0 99391832
347572.0 16761672
199428.0 7132720
268284.0 24944864
2273492.0 66673000
164900.0 9206184
298788.0 5785152
253656.0 4137656
78832.0 1605736
176516.0 2590944
62548.0 3544640
759604.0 24722336
129852.0 8268864
44940.0 4239932
951636.0 9910488
54232.0 6717508
670740.0 86382696
1184756.0 52878504
216172.0 7976856
537492.0 42857352
