-0.26681743984353784
-0.2374374882659857
-0.2905460878435378
-0.13662500800312927
-0.29952786425764105
-0.0739820638435378
10000000000.0
-0.3993729006730041
-0.06646835241306018
10000000000.0
-0.30357119995827675
10000000000.0
-0.12060033664671041
-0.2760520639624491
-0.29381547195827673
-0.25302348814185904
-0.29427791997079367
-0.33203825690956684
-0.29836528784353783
-0.29730554384353786
-0.23734814384353778
-0.38213169100989913
-0.2868147598435378
-0.2932269438435378
-0.3025739758435378
-0.28361035184353783
-0.37878063909043314
-0.2848988478435378
-0.1447407518435378
-0.2985817117246265
-0.30508889558485364
-0.35476857744362444
-0.2990547599499321
-0.2761896482044439
-0.28603379984353783
-0.2499802558435378
-0.2573825598435378
-0.22612494384353776
-0.31025181555564735
-0.2051461598435378
-0.1917607997861683
-0.2992421038873472
-0.06364724784353781
-0.3009446398435378
-0.3726320200054321
-0.30115315984353785
-0.2903634957246265
-0.35855873755210493
-0.2845965758435378
-0.1497420638435378
-0.11505351995827676
-0.24824905663419342
-0.29007259201981855
-0.28900306372879886
-0.2572482878435378
-0.1082163358435378
-0.2763466561835823
-0.2927345598435378
-0.2571102718435378
-0.1736539998435378
-0.3543176323170967
-0.2959896961960993
-0.2990746879009073
-0.3037885278435378
-0.3844881070098991
-0.29991071984353784
-0.39755532341044236
-0.2913022717204542
-0.35256013661750407
-0.40008901979429623
-0.2928649837287988
-0.14886460776426363
-0.2012429918435378
-0.3071462878748302
-0.2212852958435378
