0.45809999108314514
0.6635000109672546
0.09380000084638596
None 
0.10000000149011612
None 
0.33809998631477356
0.5807999968528748
None 
0.35830000042915344
None 
0.23409999907016754
0.33629998564720154
0.31929999589920044
0.18129999935626984
0.1678999960422516
0.43869999051094055
0.46399998664855957
0.21960000693798065
0.23019999265670776
0.16850000619888306
0.6524999737739563
0.7386000156402588
0.5680000185966492
0.30880001187324524
0.7121999859809875
0.5393000245094299
0.20990000665187836
0.298799991607666
0.7231000065803528
0.5874999761581421
0.188400000333786
0.19259999692440033
0.322299987077713
0.7372000217437744
0.21879999339580536
0.27970001101493835
0.39969998598098755
0.4269999861717224
0.09149999916553497
0.6524999737739563
0.34700000286102295
0.10000000149011612
0.28949999809265137
0.5685999989509583
0.13670000433921814
0.7075999975204468
0.225600004196167
0.7411999702453613
0.10620000213384628
0.44929999113082886
0.25690001249313354
0.3635999858379364
0.10000000149011612
0.10000000149011612
0.29019999504089355
0.19820000231266022
0.7264999747276306
0.18479999899864197
0.09950000047683716
0.5547000169754028
0.4916999936103821
0.3571000099182129
0.5056999921798706
0.445499986410141
0.3041999936103821
0.6608999967575073
0.7038999795913696
0.18520000576972961
0.29750001430511475
0.35040000081062317
0.10000000149011612
0.21289999783039093
0.3440999984741211
0.7038000226020813
0.12129999697208405
0.1987999975681305
0.5583000183105469
0.2046000063419342
0.17949999868869781
0.1987999975681305
0.6317999958992004
0.3361000120639801
0.6353999972343445
0.1770000010728836
0.3578000068664551
0.678600013256073
0.6794999837875366
0.3817000091075897
0.19990000128746033
0.10000000149011612
