50774.0 6394336
1679418.0 74891164
415578.0 14060588
3508234.0 171814908
1149082.0 40369028
5160778.0 202373116
975610.0 26738972
2286970.0 135326764
26236042.0 1042859772
172922.0 3764916
4009642.0 178118908
1092002.0 34794524
111998.0 6957784
88606.0 1151220
67122.0 10205412
109190.0 6522044
133386.0 11963256
114622.0 1646964
2221466.0 66350700
36270.0 4163988
80386.0 4252160
110650.0 1702444
308314.0 30762700
71882.0 3791232
368634.0 14755940
727330.0 19592284
503466.0 6369724
160058.0 2557748
111978.0 3782084
728786.0 29361948
85814.0 6705344
225674.0 35357332
181282.0 3781652
257462.0 12211388
394290.0 34759156
396562.0 39176356
478490.0 14086188
595242.0 17734852
560554.0 24906820
148466.0 8440684
61114.0 8919100
207346.0 13600668
1206226.0 40483388
265810.0 13717372
777346.0 17990140
769210.0 31850492
223098.0 11768772
161218.0 8331044
306746.0 22808940
69758.0 1113572
105562.0 9481960
97298.0 22390548
176214.0 5540496
723362.0 21834940
176630.0 4794956
124654.0 7447144
791954.0 29488508
320914.0 8785300
161186.0 3741292
81534.0 6696840
587266.0 25370180
829154.0 41110996
117362.0 7667480
98866.0 12918852
409338.0 31234172
516546.0 28607068
112618.0 3100944
827226.0 20114060
106682.0 10284460
231890.0 8220044
54246.0 3756124
58678.0 2872592
311082.0 33233092
108702.0 5000652
127366.0 4642044
45718.0 1959360
82010.0 1581960
108978.0 8730872
192770.0 27293716
113438.0 9023720
20250.0 751648
1208506.0 40321412
115762.0 5014712
885522.0 24614652
113190.0 3102204
2249866.0 71314252
176322.0 13538956
198290.0 9754616
478730.0 4375668
162146.0 6857812
887922.0 21558884
