-0.6078813217582015
-0.6146676796770782
-0.33753882459247014
10000000000.0
-0.2892619450430813
10000000000.0
-0.48319204642034147
-0.4359064697970123
10000000000.0
-0.5432801683004074
10000000000.0
-0.3942809513491173
-0.5214944219530411
-0.5212075571294402
-0.40649917554938886
-0.40448590922957606
-0.5831634813576583
-0.6215060626539917
-0.3210186048565864
-0.4528120188596954
-0.40944568433921813
-0.7533450936417694
-0.7554946109481812
-0.6900175490176543
-0.4866481283112717
-0.7593554221866912
-0.6647705691566009
-0.44181450865631483
-0.5015958261253662
-0.7474461086062469
-0.6978392953106994
-0.3611653362336502
-0.4272566938470802
-0.501187214954399
-0.746521703220642
-0.3748072833770637
-0.46761763171045684
-0.5443202861866913
-0.5490863503202057
-0.34716863141587445
-0.7389117816417694
-0.5156986660027161
-0.28903322504308127
-0.4752152546648559
-0.6620397192656708
-0.3319890190374527
-0.7717824542643127
-0.44125791493731686
-0.7732220991717529
-0.3721128574936924
-0.5955460737915801
-0.4350489127451934
-0.5434389980865555
-0.3263301210430813
-0.3604100890430813
-0.4882457085286255
-0.3797629856188621
-0.7909793823093414
-0.4218774152990493
-0.356256320333786
-0.6375496518827819
-0.5619680035272674
-0.534635046942749
-0.6281522905259094
-0.5493816464870986
-0.45572585952726746
-0.7564281097302551
-0.7525018657139587
-0.40907108403881076
-0.4918099220135803
-0.5377677525674363
-0.36425481704308127
-0.38256381448127363
-0.5308686949318847
-0.7833759278214569
-0.38099127788045883
-0.4359960782976913
-0.6733482688173829
-0.3886325724393539
-0.4076025590820885
-0.4376567022976913
-0.6616171731294402
-0.525240584444786
-0.695550694064041
-0.41769559275101853
-0.40783150080651853
-0.7479420972792511
-0.7561407566512757
-0.5584386703753128
-0.4262143769012222
-0.3268822330430813
