0.08309999853372574
0.21199999749660492
0.010999999940395355
None 
0.009999999776482582
None 
0.02459999918937683
0.042100001126527786
None 
0.02290000021457672
0.026599999517202377
0.011699999682605267
0.010900000110268593
0.35089999437332153
0.03539999946951866
0.15309999883174896
0.009399999864399433
0.010300000198185444
0.009800000116229057
0.4074999988079071
0.009999999776482582
0.009999999776482582
0.01510000042617321
0.009999999776482582
0.027499999850988388
0.009100000374019146
0.2079000025987625
0.009999999776482582
0.009999999776482582
0.009999999776482582
0.010599999688565731
0.009999999776482582
0.09740000218153
0.01720000058412552
0.009999999776482582
0.03009999915957451
0.009999999776482582
0.41850000619888306
0.11129999905824661
0.009100000374019146
0.010200000368058681
0.012000000104308128
0.1972000002861023
0.009999999776482582
0.035999998450279236
0.010200000368058681
0.009800000116229057
0.21969999372959137
0.010499999858438969
0.009999999776482582
None 
0.020899999886751175
0.00989999994635582
0.30300000309944153
0.011699999682605267
0.15880000591278076
None 
0.19110000133514404
None 
None 
0.33230000734329224
0.06279999762773514
0.1793999969959259
0.009999999776482582
None 
None 
0.009999999776482582
0.00839999970048666
0.009999999776482582
0.009999999776482582
None 
0.008999999612569809
0.008700000122189522
None 
0.00839999970048666
None 
0.009999999776482582
0.013299999758601189
None 
0.009100000374019146
0.017799999564886093
0.22630000114440918
0.009499999694526196
None 
0.008899999782443047
0.00989999994635582
0.019999999552965164
0.23510000109672546
0.16599999368190765
0.25619998574256897
0.008799999952316284
0.009999999776482582
0.04490000009536743
None 
0.08739999681711197
None 
0.05649999901652336
0.009999999776482582
0.12729999423027039
None 
0.00989999994635582
0.014000000432133675
0.009200000204145908
0.2980000078678131
0.03500000014901161
None 
None 
0.009999999776482582
0.2295999974012375
None 
0.02410000003874302
None 
0.011800000444054604
0.007400000002235174
None 
0.006000000052154064
0.009999999776482582
0.012600000016391277
0.009999999776482582
0.30160000920295715
0.011300000362098217
0.009999999776482582
0.009999999776482582
None 
0.009999999776482582
0.009999999776482582
0.009999999776482582
None 
None 
0.14110000431537628
None 
0.07729999721050262
None 
0.04360000044107437
0.060100000351667404
0.01209999993443489
0.00989999994635582
0.3095000088214874
0.10589999705553055
0.009999999776482582
0.009999999776482582
0.14810000360012054
0.20329999923706055
0.00860000029206276
0.02539999969303608
None 
0.009999999776482582
None 
None 
0.08699999749660492
None 
0.011300000362098217
0.009999999776482582
0.00839999970048666
0.009700000286102295
0.041200000792741776
0.008700000122189522
0.16269999742507935
0.029500000178813934
None 
None 
0.009700000286102295
0.20440000295639038
None 
None 
0.046300001442432404
0.009999999776482582
0.08510000258684158
0.009200000204145908
None 
0.06120000034570694
None 
0.1703999936580658
None 
None 
0.009999999776482582
0.009999999776482582
0.009700000286102295
0.009700000286102295
None 
0.01140000019222498
0.009999999776482582
None 
None 
None 
0.2199999988079071
None 
None 
0.009999999776482582
0.009999999776482582
0.13199999928474426
0.12280000001192093
0.009600000455975533
None 
None 
0.0940999984741211
0.022600000724196434
None 
0.16419999301433563
None 
0.009999999776482582
None 
0.06030000001192093
0.00559999980032444
None 
0.00989999994635582
0.06310000270605087
0.014000000432133675
None 
None 
0.009999999776482582
0.010400000028312206
None 
None 
0.06960000097751617
None 
0.009999999776482582
None 
None 
None 
0.31630000472068787
0.2467000037431717
None 
0.016699999570846558
0.03620000183582306
0.4291999936103821
0.009999999776482582
0.03530000150203705
0.009700000286102295
None 
0.009999999776482582
0.009999999776482582
0.06019999831914902
None 
0.010300000198185444
None 
None 
0.008899999782443047
0.009999999776482582
0.04479999840259552
None 
0.27149999141693115
0.009999999776482582
0.009999999776482582
None 
None 
0.013500000350177288
None 
None 
None 
0.22110000252723694
0.014399999752640724
0.09610000252723694
None 
0.009999999776482582
None 
0.00800000037997961
0.013299999758601189
0.32030001282691956
0.1256999969482422
