204184.0 10818916.0
352700.0 14808616.0
149572.0 22891936.0
79760740.0 2556332440.0
4900324.0 124619704.0
3433380.0 137936152.0
255120.0 8102624.0
72288.0 11467532.0
58252196.0 998821848.0
160416.0 3879260.0
756372.0 51665528.0
1823684.0 54159448.0
683188.0 36271952.0
3753028.0 373110456.0
184164.0 10778368.0
69352.0 2419372.0
59244.0 6422764.0
239156.0 13963128.0
1854052.0 120511384.0
61448.0 1123016.0
4989348.0 345809592.0
1218532.0 25280304.0
1235876.0 32616184.0
2845380.0 46800424.0
2339284.0 197132200.0
139800.0 8792984.0
24708.0 3697572.0
1911620.0 197945112.0
59852.0 2995828.0
373332.0 18884464.0
6929124.0 546215928.0
4106116.0 139281144.0
7628484.0 793712568.0
296520.0 13314284.0
644444.0 28862600.0
1260756.0 59519384.0
2703652.0 35549624.0
7939972.0 475537528.0
868276.0 31616984.0
1118172.0 25180680.0
970756.0 10083720.0
146840.0 2302280.0
31918308.0 368733720.0
1281876.0 97396616.0
5435588.0 127672056.0
740900.0 93069064.0
340164.0 4098992.0
6106820.0 300712248.0
1996212.0 139259512.0
3332084.0 101747848.0
497324.0 39560112.0
762668.0 35670656.0
14683492.0 1346249688.0
287236.0 4132352.0
1081476.0 52890392.0
7918884.0 275809784.0
440676.0 20664488.0
4340964.0 57648440.0
15306468.0 803734616.0
3302436.0 171708696.0
75284.0 6884928.0
251372.0 30648480.0
77984.0 6409544.0
35084772.0 3166324440.0
4151396.0 696087032.0
7605220.0 132550424.0
2556772.0 197168216.0
1554084.0 15931368.0
774564.0 24752400.0
280380.0 23153016.0
9560580.0 96312728.0
2034724.0 369675160.0
1151284.0 51473448.0
32834852.0 1891346456.0
40725412.0 1110004312.0
2864228.0 69462248.0
419588.0 13968200.0
447588.0 9038280.0
18767748.0 502439032.0
2877652.0 84827784.0
28026596.0 516383832.0
84140.0 3044340.0
4530852.0 227333496.0
34917924.0 948882520.0
1360996.0 152816728.0
18520036.0 496694360.0
149744.0 7844172.0
40112.0 3853036.0
404452.0 15881040.0
1560084.0 42572120.0
38149924.0 954397784.0
74170532.0 2545156824.0
618716.0 21492344.0
1159068.0 20777792.0
18381092.0 1512103320.0
2267684.0 76068968.0
29820132.0 951911832.0
48540.0 4247180.0
3929188.0 98405928.0
51632.0 2055184.0
332908.0 11075720.0
1820116.0 70301624.0
1218516.0 33020680.0
11465412.0 241539096.0
1163636.0 82492536.0
374348.0 16221176.0
16287204.0 492224088.0
56282404.0 1818090072.0
93244.0 3834252.0
176036.0 10762736.0
289524.0 13874256.0
2496820.0 122337192.0
30807204.0 716154520.0
108332.0 5062820.0
67540.0 2217396.0
39686372.0 3106323160.0
125652.0 8008192.0
1698836.0 28184888.0
868996.0 119414584.0
148024.0 9567264.0
25675876.0 705894744.0
57232.0 4206152.0
265524.0 10941040.0
416316.0 6196032.0
152272.0 9101748.0
831236.0 118466552.0
144300.0 5708196.0
988228.0 87017368.0
465452.0 6294000.0
214896.0 7765128.0
3096676.0 159628280.0
747228.0 17930184.0
22606436.0 1492615512.0
13702308.0 1244020184.0
43300004.0 1054885400.0
18939044.0 692421528.0
1684404.0 152093176.0
1227700.0 15583672.0
46856932.0 1907308376.0
45741860.0 2436329816.0
162072.0 9682544.0
848052.0 9703096.0
284948.0 6459980.0
10498788.0 136087928.0
43321956.0 2817148440.0
73980.0 1595964.0
120276.0 1240988.0
286332.0 13758728.0
32371236.0 2414770456.0
654692.0 17745264.0
429172.0 25351064.0
40438052.0 1556216216.0
10562084.0 1237741400.0
85776.0 1682916.0
174140.0 7940908.0
861524.0 14954712.0
621796.0 9067968.0
462868.0 13747640.0
57416804.0 1247899160.0
34747364.0 525394456.0
4787972.0 100122888.0
4000548.0 343832760.0
213188.0 2731712.0
47927460.0 2209261272.0
27330980.0 1487846488.0
299580.0 8692048.0
445196.0 11703024.0
21742116.0 1869156376.0
17238884.0 494129624.0
613564.0 26039256.0
383724.0 24553400.0
404084.0 4365680.0
768292.0 14664744.0
