54104.0 6401356
1683828.0 74900344
417828.0 14065448
3586084.0 171970968
1152052.0 40375328
5227108.0 202506136
1001620.0 26791352
2333140.0 135419464
26259172.0 1042906392
179492.0 3778416
204184.0 10818916
255120.0 8102624
72288.0 11467532
352700.0 14808616
160416.0 3879260
149572.0 22891936
239156.0 13963128
59244.0 6422764
61448.0 1123016
1235876.0 32616184
69352.0 2419372
139800.0 8792984
1218532.0 25280304
2845380.0 46800424
184164.0 10778368
98924.0 5617572
59852.0 2995828
24708.0 3697572
373332.0 18884464
644444.0 28862600
683188.0 36271952
146840.0 2302280
340164.0 4098992
1281876.0 97396616
497324.0 39560112
1260756.0 59519384
762668.0 35670656
1081476.0 52890392
970756.0 10083720
1118172.0 25180680
296520.0 13314284
75284.0 6884928
249360.0 5745636
3332084.0 101747848
77984.0 6409544
287236.0 4132352
1554084.0 15931368
5435588.0 127672056
440676.0 20664488
280380.0 23153016
2034724.0 369675160
219476.0 15394000
774564.0 24752400
403828.0 38712560
92540.0 4427884
9560580.0 96312728
35985252.0 2475889112
1854052.0 120511384
34336420.0 533035864
64142756.0 1578963288
1151284.0 51473448
652356.0 107286376
159708.0 3789400
756372.0 51665528
32834852.0 1891346456
33120100.0 2411087512
3374484.0 62781016
155548.0 8320256
1116228.0 40614776
4340964.0 57648440
26268068.0 2454991640
84140.0 3044340
3433380.0 137936152
3536132.0 199127288
149744.0 7844172
58252196.0 998821848
5715012.0 41840472
2864228.0 69462248
18009700.0 690561112
3929188.0 98405928
868276.0 31616984
332908.0 11075720
45660.0 3739324
13185508.0 791623576
47312.0 3016760
50636.0 4344204
618716.0 21492344
1560084.0 42572120
971580.0 26138832
1820116.0 70301624
93244.0 3834252
805156.0 41063528
185636.0 6904760
4989348.0 345809592
972692.0 14664632
34917924.0 948882520
538172.0 51386256
4106116.0 139281144
2496820.0 122337192
74170532.0 2545156824
112392.0 2530548
1218516.0 33020680
125652.0 8008192
133004.0 2133760
51632.0 2055184
21347684.0 1490099544
31918308.0 368733720
868996.0 119414584
2703652.0 35549624
11857540.0 540060152
394580.0 8545376
4151396.0 696087032
67540.0 2217396
108332.0 5062820
67168612.0 1947927512
374348.0 16221176
93916.0 4895932
831236.0 118466552
1688580.0 16504456
416316.0 6196032
645164.0 17248512
148024.0 9567264
214896.0 7765128
9248644.0 478152952
354172.0 31020288
48540.0 4247180
131760.0 2501692
29896356.0 2111847576
1684404.0 152093176
696092.0 14112960
22606436.0 1492615512
260156.0 7254024
19781540.0 231609688
208088.0 6306344
447588.0 9038280
162072.0 9682544
152272.0 9101748
115048.0 1230488
40112.0 3853036
204740.0 2690864
284948.0 6459980
62368.0 4355364
1698836.0 28184888
193916.0 28119944
1227700.0 15583672
10072548.0 1664065944
51652.0 6285932
3753028.0 373110456
16284772.0 793133272
419588.0 13968200
25675876.0 705894744
144300.0 5708196
73980.0 1595964
893412.0 59018504
465452.0 6294000
4900324.0 124619704
2267684.0 76068968
120276.0 1240988
2280196.0 71375272
16287204.0 492224088
15306468.0 803734616
654692.0 17745264
344020.0 11190304
38149924.0 954397784
29820132.0 951911832
402060.0 8347928
543124.0 11573744
57232.0 4206152
660412.0 8932584
30807204.0 716154520
126244.0 3882788
24370852.0 509473560
4787972.0 100122888
4300740.0 473503928
7939972.0 475537528
848052.0 9703096
85776.0 1682916
462868.0 13747640
621796.0 9067968
6106820.0 300712248
176036.0 10762736
174140.0 7940908
3801316.0 373209304
10562084.0 1237741400
23364324.0 1495331544
429172.0 25351064
4530852.0 227333496
7918884.0 275809784
226396.0 2733880
251372.0 30648480
1159068.0 20777792
861524.0 14954712
47964.0 2851584
28026596.0 516383832
14683492.0 1346249688
213188.0 2731712
383724.0 24553400
3793844.0 157316584
768292.0 14664744
34747364.0 525394456
404452.0 15881040
40438052.0 1556216216
1996212.0 139259512
638436.0 9370632
79760740.0 2556332440
1347028.0 81134296
265524.0 10941040
299580.0 8692048
1911620.0 197945112
1360996.0 152816728
1823684.0 54159448
445196.0 11703024
11465412.0 241539096
21390052.0 502431576
286332.0 13758728
56282404.0 1818090072
740900.0 93069064
21742116.0 1869156376
2339284.0 197132200
2556772.0 197168216
218556.0 2675064
1163636.0 82492536
18939044.0 692421528
800132.0 12087520
613564.0 26039256
988228.0 87017368
163908.0 6862672
40360.0 3500388
471948.0 17011248
35084772.0 3166324440
1214276.0 32741656
56224.0 823800
116232.0 5015656
3096676.0 159628280
440092.0 39263664
39686372.0 3106323160
7628484.0 793712568
404084.0 4365680
7605220.0 132550424
747228.0 17930184
13702308.0 1244020184
1098228.0 46783872
289524.0 13874256
1411732.0 15951256
18520036.0 496694360
40725412.0 1110004312
195844.0 2629472
3302436.0 171708696
43300004.0 1054885400
45741860.0 2436329816
322784.0 13775300
60848.0 6138620
874356.0 26536984
18767748.0 502439032
187992.0 2457992
19379428.0 2152160920
52516.0 1586544
392812.0 3090376
2877652.0 84827784
235020.0 8478384
