-0.345367286973608
-0.29859931024762343
-0.2795691039582767
10000000000.0
-0.2262493438435378
10000000000.0
-0.26363729543256376
-0.05863107278856944
10000000000.0
-0.3084731681502037
-0.29698216766204166
-0.2919847517778237
-0.284694936077188
-0.516012764061325
-0.31702147962866306
-0.36138612718222424
-0.27865374390507963
-0.2943644721387298
-0.3046139680813603
-0.5200176311655349
-0.3021612558435378
-0.2894140318435378
-0.2600093922983212
-0.2133991518435378
-0.29769326389569184
-0.2951348562618134
-0.43953834581913376
-0.2996048558435378
-0.26923107184353784
-0.2492747998435378
-0.23487609578199597
-0.30239543984353784
-0.359982017527071
-0.11724676840888787
-0.2278797758435378
-0.20203123141170215
-0.23565868784353777
-0.48716922033921817
-0.35774255934077265
-0.2560086402618134
-0.2805114322576411
-0.2946301440730157
-0.42654872820027157
-0.1035043038435378
-0.3123809109151955
-0.29887529625764103
-0.2749972640813603
-0.19844588361071394
-0.2660210239009073
-0.2606939678435378
10000000000.0
-0.28384199992072584
-0.25742519996244906
-0.43467488216960903
-0.2993342317778237
-0.21853454813894652
10000000000.0
-0.1927472329346008
10000000000.0
10000000000.0
-0.42966310914030453
-0.1293872463394146
-0.4180011978971481
-0.20366894384353781
10000000000.0
10000000000.0
-0.18143796784353777
-0.28923948779034064
-0.22577044784353778
-0.1917031198435378
10000000000.0
-0.30021131972879883
-0.030217696085532653
10000000000.0
-0.2901916557903406
10000000000.0
-0.22331905584353778
-0.17038550383102083
10000000000.0
-0.1095581442618134
-0.24922603169542026
-0.4362585608010864
-0.2991713517861683
10000000000.0
-0.3001964798477101
-0.29824159196244904
-0.2710153116870756
-0.37942576076770784
-0.36392233157733533
-0.3387367420197983
-0.2984914959666214
-0.2248729438435378
-0.3176204800667572
10000000000.0
-0.3318507337719784
10000000000.0
-0.23677748731156634
-0.028437711843537813
-0.14443561196118926
10000000000.0
-0.3018689039624491
-0.24375864030249356
-0.29042361614290213
-0.5043324855074691
-0.32038963210430815
10000000000.0
10000000000.0
-0.06817083184353778
-0.3896207501808662
10000000000.0
-0.29977924802712014
10000000000.0
-0.30382520831083826
-0.2950543600015646
10000000000.0
-0.2717576480365078
-0.29720813584353784
-0.07188689601147388
-0.2739910878435378
-0.49872794244206997
-0.2734129762534688
-0.28786547184353783
-0.29146974384353785
10000000000.0
-0.2449594238435378
-0.29850563984353784
-0.3019966158435378
10000000000.0
10000000000.0
-0.37054408302076336
10000000000.0
-0.33960195004735183
10000000000.0
-0.3179073123087521
-0.3239934402461672
-0.2891049119541044
-0.2887265039624491
-0.5141890301750411
-0.36642392593887135
-0.30161827184353784
-0.2940800398435378
-0.3949592745200844
-0.38594022346594237
-0.24978011220444393
-0.28661265578512524
10000000000.0
-0.29442813584353783
10000000000.0
10000000000.0
-0.3329635982476234
10000000000.0
-0.29649360825346877
-0.3038080718435378
-0.18784299179034064
-0.2942020002002716
-0.07960059255491923
-0.1539520640855327
-0.4114080221975555
-0.17789945612516977
10000000000.0
10000000000.0
-0.27129947220027156
-0.4206993940694732
10000000000.0
10000000000.0
-0.3157141450097027
-0.2838525118435378
-0.3511576978107891
-0.28857483214290214
10000000000.0
-0.33507442424199485
10000000000.0
-0.21903421956064606
10000000000.0
10000000000.0
-0.28759380784353783
-0.3036341678435378
-0.2792947202002716
-0.28865406420027157
10000000000.0
-0.28645452813455746
-0.2911181838435378
10000000000.0
10000000000.0
10000000000.0
-0.40329787116553495
10000000000.0
10000000000.0
-0.30153223984353783
-0.24570303984353778
-0.35084441549932094
-0.3560505760083446
-0.30101683231918286
10000000000.0
10000000000.0
-0.36040657493188477
-0.2667132005069375
10000000000.0
-0.3856105071100349
10000000000.0
-0.2752379198435378
10000000000.0
-0.06369097600834464
-0.28517873586022713
10000000000.0
-0.14466140796244908
-0.3222879218942356
-0.29241590430249353
10000000000.0
10000000000.0
-0.19868110384353782
-0.2838739520198185
10000000000.0
10000000000.0
-0.3212025446842613
10000000000.0
-0.12086187184353779
10000000000.0
10000000000.0
10000000000.0
-0.5160598753044815
-0.30770493062022014
10000000000.0
-0.28751495969959256
-0.2732614892850761
-0.4264052595272674
-0.2932746558435378
-0.31770922505142596
-0.27276750420027157
10000000000.0
-0.24151668784353778
-0.3053523998435378
-0.3321086868234043
10000000000.0
-0.22868267213872978
10000000000.0
10000000000.0
-0.29749863984771013
-0.041899151843537805
-0.29549963088181685
10000000000.0
-0.3964822499918518
-0.2792514878435378
-0.2750974878435378
10000000000.0
10000000000.0
-0.3041910562451241
10000000000.0
10000000000.0
10000000000.0
-0.4272194017690658
-0.29780275982684845
-0.31419603376906585
10000000000.0
-0.30208401584353783
10000000000.0
-0.3024269122659857
-0.3031292478310208
-0.35455444097884364
-0.3710332298637695
